X1,X2,X3,X4,X5,T,Y
0.54966989312443,-0.930646873518015,-1.21604592012601,-0.1252780121856,2.64854271706285,0,0
-0.841603744622454,0.823625244724517,0.480013189503506,-0.474380341914749,-0.679972706074222,0,0
0.0329979357019235,-1.19377600843677,0.700227870521793,-1.65721356294,-0.0357051762620272,0,0
0.52414970793641,-0.37822990722687,-0.622374431777719,-0.660553192359624,-0.0666652910395658,0,0
-1.72760411179603,-0.553216689784658,-0.875472174366321,1.04090215836686,0.744947282898455,1,0
-0.277864526751273,0.00935919885562406,1.10905061240406,0.806017064438302,-1.51717724880964,0,0
0.360828443694041,0.893959208056168,0.56395464096973,-0.232451448272724,0.786908070006485,1,1
-0.590912441687162,1.16359473102055,-0.227238308742979,0.223137334765168,0.200368092272064,1,0
0.975590554817089,-0.415061060479859,0.0755828528704283,-0.584786827293085,-1.38840080082902,1,1
-1.44574994987962,-0.13764602931447,0.571751734245181,-0.0197789020152907,-0.821827194151727,0,0
0.295206774616253,1.57325650189993,0.100878696024553,0.805339158334738,-1.07114444265896,0,0
0.554752226565107,-2.48366890058247,0.578745714198484,-0.389940935407253,0.908254872450894,0,1
-0.498635543474744,-0.121084535686664,-0.998845179142741,-0.607754106725038,-0.740030651410631,1,1
0.195733836641803,1.43095096534657,1.03102644199651,-0.0158496614401783,-1.25582725002137,1,1
-0.455540546931939,-2.20896104730063,-0.000526680701509329,0.979224244105878,0.949632636657592,1,1
-0.362855468883718,0.501582226106901,-0.863962773200813,-1.32799711653196,0.904969121172547,0,0
-0.156813383732812,-0.271804914679141,2.31373022750075,-0.0359017415492753,0.628022300191201,0,0
-0.765251393168955,-0.618401250913378,-0.0344935112558971,-0.251775467708144,-0.389103824354866,0,1
-1.16601735874791,0.48663243235769,0.279124764474686,0.038524566588041,-1.05070522079887,0,0
-0.323425678027713,1.1831351605623,1.12362268826826,-0.412420314933296,0.0377784909565194,1,1
-0.349927350531271,-1.72341895296081,-1.56213860945963,-0.628505561617909,0.0710964092722676,1,1
-0.586897136221568,-0.817954895288365,-1.52963202578308,-0.941818803545485,0.678354187973024,1,1
-1.58987764855471,0.368802331066456,1.16805534736332,-0.492282844528749,-0.524276696634392,0,0
1.68955955447808,-2.02517230452901,0.851727796696731,-0.212500130611505,-2.71139829425681,0,0
0.563583640553115,-1.36605754279967,0.117098904063602,1.67220407887111,-0.815169584170856,0,1
2.66763339106612,-1.03209105298838,0.98513704207614,0.482207921705029,0.258774899816525,1,0
0.356534950206543,0.00353958372256532,-1.30624085329473,1.61471274826815,0.139865422870734,1,0
-0.362120391858831,-1.37375433664192,0.439351430152978,0.113565735665602,-0.131492219373493,1,0
0.568746327124229,-0.330522726238822,0.618505696476561,-0.299826396620243,-1.02187608272856,1,1
0.0286745358065659,-0.971907604135284,-0.10950521809535,-1.04994915854685,-0.0635325053060895,1,1
0.199023385657134,-0.386912788996112,0.239319403777717,0.0767542058546276,0.467789371054097,0,0
-0.851422279115828,-0.0210508055178897,1.17871746006964,-0.251280149317567,-0.506240942476606,1,0
-1.13044946968405,-1.67907321241208,1.75011160473455,-0.30679857298148,-0.659847404622853,0,0
0.597248963746674,-0.697297867002818,-0.372484160345384,-1.90691780929071,-1.85736541781185,0,0
-1.09604785530264,0.877884253419625,2.28724145596611,-0.137741638376951,-0.690511758614058,1,0
0.0190965491751447,-1.00625656515909,-0.0831395177154998,-0.680997655525939,-1.45853708207981,0,0
0.416198979857215,0.654701928543681,0.51450372406854,0.488161801165455,1.54719382321191,1,1
1.83967569591512,-1.35029593353513,0.641080337717222,-0.118926806934801,-0.147421419780708,1,1
0.406186565322852,0.108423421731913,-1.15146040253686,-0.488170521404216,1.06283390918734,0,0
0.393221747523838,-0.152096149820761,-0.24331621893471,-0.24676442119264,-0.610342042655439,1,1
0.109556411171404,-0.754202291765802,-0.546413505892485,-1.04614932497817,1.29969017868544,1,1
-0.413418853380632,0.983586176343324,-0.931719544830061,1.48046225563175,-0.599703848460329,1,1
0.111795909279019,1.48826594829438,-0.161465992581529,-0.389918731999252,-0.274926126891987,1,1
-2.89232139833262,0.0502935698317594,0.129917828594035,-1.39848025524886,0.798875003413789,1,0
0.0953493537304089,1.80478382157302,2.1758988715833,-1.3007169308536,1.01958328602979,0,0
0.499889897513655,0.416667486309734,-0.373301283153372,1.61428983160453,-0.500997765471852,1,1
0.949372149400778,1.15763150450788,-0.655928710586894,-0.206361569847668,-0.436495611304444,1,1
-1.65840095894023,-0.614968870577622,0.342940265009231,0.0316017847307802,-0.572540488501549,0,0
-1.48161964075872,0.262639730477028,1.17989318360768,0.0391780740464391,-0.629117738868216,1,0
-0.490686232746193,1.25652095253707,1.38029840512576,0.47319057897639,0.668564650619853,0,0
0.0147539034213117,0.294055961243648,0.142565148913148,-0.375032298776144,1.10372169811995,0,1
0.337637474820624,0.377158642592507,2.13776484103173,0.707989152043922,0.224595130821111,1,1
-1.96590569617241,-0.52192073002345,-0.313344654649351,1.45843352801876,0.831167301619779,1,0
-2.32077460680263,-0.333919144075189,-1.83540789497188,-0.528199365801623,-0.300708873063614,1,0
0.995810821177497,0.292815061468311,-1.05783319292813,-2.23110210675634,1.49668667219727,0,1
1.16695157872892,-1.33413040442893,-1.97870304364023,0.188378307469357,0.103914798183049,1,0
-0.865174834973527,-0.20438501859672,0.246176007472071,-0.685547668005788,0.926427800976116,0,0
-1.3909465135691,-1.70403703948562,-0.948378983181442,-1.46957213969285,-0.152344080426244,1,0
-1.33263084729415,0.577121564264079,1.3753425566755,-0.423911510611094,0.893021750650043,0,1
-0.138839755810945,-2.09226115902888,0.633775906551748,-0.383808039165515,-0.0310352425759956,1,0
0.317716476925658,0.138246883027208,0.797465076003238,-0.172320438133137,-1.18887038377514,1,1
0.0933209467468703,-1.30947958712668,0.434326047938344,0.425768576763159,-0.226360648985578,1,0
0.0378161955436315,0.263116121936175,2.15578969167284,0.403294597775258,0.703184326281769,0,1
-0.633981032743509,-1.34078889102352,-0.847926722679191,-1.59719353706814,-1.54202372690222,1,0
-1.43221933040318,-0.459735942567063,-0.297956888773462,-0.97374307833161,0.0756405001985361,0,1
-0.358481972301803,0.312278283115726,1.4434919580385,-0.0519724597570202,-0.574700561973725,1,1
0.869259474004197,-1.51548914113075,-1.05781613414053,0.977591339591139,-0.973312396832192,0,0
-1.28707085891335,-1.47016600532416,-0.520219773594409,0.605503016870419,0.0368991972081861,0,1
0.108316081689811,-0.224388221065644,-1.27626353370455,0.120170215692688,-0.0244960364034217,1,1
-0.930444907275452,-0.0684422307064261,-0.825562413015877,-0.364832587106695,0.493805842799976,1,1
0.104033540459546,0.504521410658785,1.85864204332447,-1.24199869922174,-0.499287904640302,1,0
-0.641582263282533,0.477641405551616,-1.51013397413585,-0.0226080467728156,-0.0275390653741257,1,0
-1.66377340353873,0.0688703660366605,-0.670271587225034,1.00826743506407,0.316277122113442,1,0
0.547162755152617,-0.207091587774008,-1.2992228262474,-1.98699968513937,-0.847437115651896,0,0
0.0755532240045896,0.4625980746535,0.087365254497355,-2.37999292094781,-0.572016205856177,1,1
-0.783095304557375,-0.0659685302675301,1.02718160140431,-0.582432089148788,-2.43145198782923,1,1
-0.264016590358573,-1.05852504648195,-0.575519263652974,1.69172165103033,-0.386588080713666,0,0
0.946399947668471,-0.137268612946147,0.555319028108046,0.553900689139911,-1.22012821249166,1,0
-1.0432366134243,2.16710880428313,-1.3953543303133,-0.280620877749715,-0.225785069499004,1,0
0.41271076033243,0.481344060439545,1.8833275305594,0.529465168306649,-0.269727425465987,1,1
-1.09388031620615,0.589984997775416,1.03182962599155,-0.179056695427921,-0.163374695865612,0,0
1.0474385679346,-0.378175600683489,0.990606432319754,0.0991848146413767,-0.251537726890991,1,1
0.478208745225118,-0.799545757082364,1.36570566194726,1.34858630165795,0.0726838446733392,1,0
-0.375384776687613,-1.03357324491627,0.340187098201376,-0.155432346353001,0.626134138568035,1,1
1.11221799836351,0.00592464502970577,-0.943655441517195,-0.161336132542875,0.194023975598162,0,0
0.883614595556654,-0.462411501334391,0.781964302401482,0.104045076024503,-0.280514238368639,1,0
-0.412514561057611,-0.749429363175028,0.394537595803475,0.950074876849207,-0.238962370620973,0,0
-0.0540345398438796,-0.0476146065056893,0.936599151607827,-0.301328527001,0.105722087394763,1,0
-2.04207701550801,0.980223302273968,-0.0823449320376609,-3.358499715265,-0.111340677630626,0,1
-0.0498004017666999,0.958773335293068,1.35708264083687,1.63850416976987,-0.343962141053041,0,0
1.25122530099503,1.11828527606843,0.603958233859044,-1.00662051204023,-0.25956680778053,0,0
1.28448019351007,-2.10322460452129,0.349745292527969,0.920961567818834,-0.370980904833926,1,0
0.432513575619826,-0.421737877542952,0.811224934228555,0.635128508222346,0.846819083570371,1,1
1.91560821774585,2.01354327327022,-0.862601885225815,1.13589381080934,0.251934340630808,0,0
-0.0822464703218047,1.75248087166714,-1.09246928264075,0.0749406810174867,0.791361006541133,1,0
1.46518329384868,-0.59675186866381,-0.131317806612682,-2.43412302813466,-0.2200002947716,0,0
-0.344822425845032,-0.443045049125853,0.20054577742382,0.428460530028262,1.61569161731474,1,1
0.183148480044527,0.327849501670544,0.966081140019584,-0.0523297874623406,-0.340299019990331,1,0
-1.20990807661339,-0.0614414640531183,1.55354160815873,1.03822209683887,1.76086261679672,1,0
1.79823225084665,-0.266075535165535,-0.627437311898394,-1.1928404950465,-0.13674632452304,1,1
-1.52440630069757,-1.26285981494377,-1.40311513503265,-0.659424161018475,-1.17042559992573,0,0
0.0431144459808607,-0.0602286007435429,-0.298865619329543,0.387672073015422,-2.48504359640302,1,1
0.0842095239095682,-0.305024907530732,-0.484544401061627,-0.0734558952939534,-0.62410635500671,0,0
0.354005030840129,-0.498281085800428,-0.408973769502184,-0.655632724716959,1.25049308890837,1,1
1.10456696101511,2.21896562688489,-0.266031927429721,0.391333056796447,-0.884341848968158,0,0
0.004344623240548,-1.37295828975293,0.352096399509535,-0.926764976424712,0.851370791621516,0,0
-1.15369798065339,-0.409100070162784,-0.643346245306583,0.263030244332762,0.756061920101063,1,0
1.40773155947995,-0.798993390567319,-0.752112176456964,-0.106412380636115,0.1552752861535,1,1
-1.37739927654807,-0.397640264030197,0.632007387747708,0.610483167709996,1.62041489410304,0,0
-2.5449783945266,-0.286605009623937,-1.66952321865972,-1.31494173014415,-0.0820565270679498,0,0
1.08425053144703,-0.211380300815585,-0.367253117953391,-0.57473871901568,0.331036108281484,0,0
-0.820304957377016,1.11859973768696,-0.207117827113647,0.964692798926447,0.383184243245193,1,1
-1.88550680368161,-0.13798760730908,-1.55458220577196,-1.51802637231483,0.401911956357972,0,0
0.46246520898862,0.757680383934493,1.0090723621533,-0.347765966778584,-0.691599337622843,1,0
-0.00751800639576679,1.16969162098477,-1.52435331587869,-0.429780083315206,0.766356725022364,0,0
-1.13929811903336,0.714573950484561,-1.09278751839065,-0.637208355078689,-0.817100311417021,1,1
-0.313785010707715,0.231520401597619,-0.524474398965626,-0.905067472600626,1.00741039746254,0,1
0.776603638919786,1.35612784549955,-0.53961614046715,-0.0314151233723177,-1.05820772776889,1,1
-1.22609907832715,-0.353348913106733,-0.895845374669597,-0.104510844859469,0.644007540413931,1,0
-0.5675075283585,0.0225070849879715,-0.539885066352834,-0.145299343352414,-1.79388130488817,1,1
-1.82487405767522,-1.31673047466961,-1.16419667671775,0.304691157995837,0.908817224867528,0,1
0.334867569731955,-0.179263917133274,-0.442452623888035,0.218140316866714,-0.662007141458732,1,0
-0.916555117070081,-0.00846180372752769,-0.856287853391487,1.67972852672961,-1.41006692941284,1,1
-1.15750001454837,1.15113426314283,1.68078541674986,-1.13863892599912,-0.929354803663308,1,0
-0.711592605525437,0.508773057394256,1.82543761995095,-0.553385138243953,0.660941039213472,1,1
0.551072431003184,0.104071549228399,1.61744303210496,-2.11612188912648,-0.269478698421208,0,1
-0.47968201006881,-0.194980653229179,-0.652847604744482,-1.15786496751135,0.930396861076709,0,0
0.309447940199456,0.0884477866873373,-0.683096206113137,0.345674537493119,1.60706392699239,0,0
-0.156972613208023,0.0506783534931858,1.27117648102651,-0.228082366365411,-0.13161137856942,0,0
-1.00392752895854,0.696637596698584,0.349304583482728,-1.64341623419881,-0.506404687655668,0,0
1.1680607947854,0.262054106560216,0.282291939105758,1.75818105132582,0.515739436049242,1,1
0.44528925438431,0.761307807273694,0.16386938791022,0.243927389375618,-0.359074720646577,1,0
-0.212978339898869,1.60148601200688,-0.664339030254397,-0.318256766299329,1.67208060467177,1,1
-0.602126059998182,0.506499320071773,-1.07198391832309,-0.670740055374081,0.319463348283338,0,1
0.206361697803828,0.9233497115922,-1.92554239019434,-0.357281336544184,0.984930432077319,1,1
-1.66717499765167,1.47179892868775,-1.10770153013995,0.0731509862199704,-0.342428988627293,0,1
-0.73941191527912,2.97810765395829,0.71645347857189,-0.701069453303963,-0.506721226581509,1,1
-0.584055403754241,-0.891705979204462,0.100163258107611,0.646198414222616,1.34984715834662,1,1
0.520206160730355,0.381987877645144,1.40517357823969,0.806819343199646,-0.112191309220016,1,1
0.138240312126401,0.837690887468674,0.90460969684579,-0.325980777643368,-1.29010697928336,0,0
-0.782533612449864,-0.535592584857641,1.71316147108792,-0.20444073540161,-0.199292158687229,0,0
0.892186153355831,-0.603326328739914,-0.980556768272147,-0.745125698692554,-1.07736717507554,0,0
-0.776329878016726,0.189740843114362,-0.589772902608056,1.21730981520447,0.498241145141489,1,1
0.0955401857206261,0.791491606708625,0.428012020377993,-1.0753825683273,-0.879948955558721,0,0
-1.85247774080129,0.676491228576476,0.358449166095714,1.40427553292755,0.24631483046214,1,0
0.0812093841688891,0.112689284257696,-1.44393954627468,-1.18825546835777,-0.753666757092033,1,1
2.18589972806808,-0.410818006365852,-0.51841489555812,-0.882855052273141,-0.510342659869783,0,0
0.540468694683722,1.22676484083513,-1.40984279428545,0.946069945058964,-0.0632708450893135,0,1
-0.68393334532431,0.191583077249948,1.53344660222954,0.244965666201746,-0.17360438226222,1,1
-0.475025167341827,-0.29475930906984,-0.746099289187591,-1.08465504791298,-1.07812236390827,0,0
-1.31441984168704,0.0399167979408786,0.845663302572017,-0.365100798365976,0.266412055450949,1,0
-1.7117900583452,0.529004162958056,0.939001738726063,-0.337635053751735,1.70510548748037,1,0
0.487747763966747,0.498510247662614,0.487898913690877,1.06612372721049,1.07803326410497,1,1
-0.793683570633278,0.349486735931564,0.748194698934617,1.65020340211781,0.880600777538528,0,0
1.70340672826029,0.106331836549842,-0.746189521713324,-0.802145976924348,0.439485483302686,1,0
1.54563004383207,-2.08623629836389,0.878159397528392,0.526260920006494,1.40496483151593,0,0
1.48279565341421,-1.16819188023723,-0.198223759685221,1.34721937415439,1.08272046235285,0,0
-0.437738512012323,0.244796508792515,0.211060794516366,-0.660275087105291,1.96424681513528,0,0
0.293515473709017,-1.51582755101438,0.0677971712091996,-1.49555997766666,0.940621759344983,0,0
2.71413202876654e-05,0.539413390968331,-0.0564343720619831,-1.17146786092678,-0.914424597612099,0,0
-1.9041821733158,-0.531506969890833,-1.1380252639842,-0.719166821525963,0.425663907401199,0,0
-1.24451799671693,-0.0594584759944596,-1.71771878742061,-0.966027817487577,-0.147525034752454,1,0
-0.256182771334219,0.348733996110674,0.641459593798303,-1.07144072458654,-0.593405702305287,1,0
0.107956628677728,0.918045118423167,-1.36134205990737,1.70426773783431,1.06736473798681,1,0
1.1846607153725,0.930005556870681,1.45553521746294,-0.252151927352077,-1.15061324179918,0,0
-0.765579417901148,0.733398903348317,0.546843751034687,0.226174234368478,-0.190114768471999,0,0
-1.189694450355,0.808596884571783,1.04177655087955,1.98067077238084,2.16302754648849,0,0
-0.0393198914055002,-1.58636257174854,-0.723508532908447,-0.195705183797851,-1.25595633545893,1,0
-0.181416443388153,0.301675285419677,-0.361881630483034,-1.36696831058527,0.319695702451063,1,0
-1.10930324746195,-1.28023019515017,-0.444461658255538,0.575728410154422,1.80955217932756,1,0
-0.685826160360669,1.10723588244487,0.838589311372364,-0.869526630606328,0.853303624155534,1,1
0.0519780518328321,1.94355162861995,-0.296446583287929,-1.64949558409534,0.431302340357837,0,1
0.770131440999989,-1.02714825250107,-1.13348232115446,0.114957652298412,0.237199613109715,0,1
1.01832590983168,-0.162580158608894,1.38338447325223,1.49234408409876,-2.24559736150968,0,0
-0.147508651069067,-0.527033098091054,-1.62833005694393,-2.55621065991342,0.733634721262104,0,0
0.899483467205487,0.987855273920883,0.370417825895738,0.515582808933973,0.477222449844165,1,0
-0.0871076796895558,1.0685177388056,0.535849336505207,0.236922722579272,-0.540611278972437,1,1
0.728077503502538,-0.487269066673608,-0.492601414233864,0.186003328285302,-0.303062198179153,0,0
0.345178436110159,-0.448521022265027,0.381221004429599,-0.816719848931151,1.43186624472888,0,0
2.46783501161806,0.630110130646959,-0.524260280131447,1.63917112773283,-1.69019437292148,0,0
1.39911253941861,1.81078686097641,0.0498139161668958,3.23260360119911,-0.192481754697,1,1
-0.756273790498352,0.157743999303755,-1.8354618828586,0.230697616304434,-0.728268309541102,1,0
-0.0666605496830572,0.645163348987322,-0.386450604652343,-0.021002780332926,0.673661253867709,1,0
0.0303029058522828,-0.532912125958014,0.0205567101351922,1.56312350427925,0.856687833014605,1,1
0.287384709362846,-0.873457096748891,2.00858302941851,0.62624163812707,1.3668830871218,0,0
-0.495497826178297,-0.237807038546815,-0.00879768272147676,1.09082398939556,-1.13707576370959,0,0
0.844743804360045,1.24767212332342,-1.36840628251825,-0.219406740697361,-1.98127950570478,0,0
0.653991712022537,-0.417399924787171,-0.0192830365936494,-0.950717530366995,0.410099364506034,0,0
1.81526541948083,-1.66922231389077,1.2137566291462,-0.407229015830163,-1.15731329580156,1,0
-0.437858992857852,-0.960773222332218,-0.752178294540915,0.932547845928352,-0.334905518938321,0,0
0.653441466455792,-1.30720265641572,-0.248684368603999,-2.97472490050575,0.192787821761064,0,0
-0.0251518010234248,-0.106165371584552,0.627227926929958,1.5433583935605,-0.341404331576669,1,1
-0.862644654610408,0.836277930363522,1.66838796498786,-0.0106155547225432,-0.592033258212623,0,1
1.62752886014394,-0.072892081606896,-1.60199415567034,-0.513872693624886,0.403984482501264,0,0
0.26481153556841,0.603043937098359,1.43589644198215,-0.718707272721811,-0.645692069437404,1,1
-0.228700561335274,0.821644737357697,0.517279928039407,0.594562335283231,0.357193622697369,0,0
0.748402299001584,0.223813386666764,-0.519386363171584,-0.899143168674244,0.346981213686777,1,1
-0.931690732078573,0.332726559172487,-1.40018264057471,-0.617699082708397,-0.392653335571457,0,0
-0.900128875852894,-2.00265486663023,0.307641382357931,1.37689520367796,-1.44435293394812,0,1
-0.560356117925241,-1.09885066068107,-0.564746698881856,1.42442992170632,0.434208637598794,0,1
1.29544067577691,0.0717248407102472,-0.689709793028085,0.610985246596517,0.996462193566244,1,1
-0.769501626174473,0.202366273447851,-0.0629820581671006,1.27904596364899,-0.53526255863147,0,1
-0.496893224763488,2.01792155497949,1.24004001740411,-0.558793640477476,-1.14646880455597,0,0
1.1849087880681,1.49219146459072,-0.947843832577043,0.505600444276611,1.26960221049148,1,1
1.43861893916057,0.0851544368460942,0.237573188245503,0.880730141641593,-0.196573529322801,0,0
0.50623227004993,-1.16238226516858,-0.703951417072933,-1.74463047639632,-1.16248393545123,0,0
0.97634880841897,0.431859115377738,1.59864659075464,0.528219631196264,0.334995526274248,1,1
-0.752151768660336,-0.346820349319331,-1.99500097077619,0.395060832527591,1.77322080805791,0,0
1.13726719919054,0.840067139380314,-0.277393920629327,-0.437153513491938,1.04157624766948,0,1
-0.363406714958046,-0.777286788266931,-0.387081032704542,-1.09137185536588,-1.08621357756695,0,0
-0.800835463307812,-0.972630504982322,0.584074783449766,0.471034703830324,-0.132589257914968,0,0
1.7677242313969,-0.803502906549701,0.431725064282915,-2.32909271650697,0.0923169175370626,0,0
0.81075792935708,-1.89888964632579,0.489540131761489,-0.344267200349574,-0.218148860585193,0,1
-1.18897511424072,0.897864105664495,-2.27924578399768,0.560501886505671,0.504974080324624,1,0
-0.76314424545078,-0.991455503067647,-0.822749887810685,-0.133528285709863,-1.14461884711704,1,1
0.428511920206194,-1.24637406743377,-2.40919337166191,0.480764519174368,1.82712906366836,0,0
0.835184424764031,-0.306639363024769,-0.986435288451047,0.379853014905687,0.522700849605744,0,1
-0.198316780147712,-0.566823544223286,0.761839175478484,2.16171689339083,-1.58756962955559,0,0
1.10819119334406,-0.955972818901576,-0.569296790093218,0.252790406486462,-0.39632776404325,0,0
0.94681949999728,-0.716524920273127,0.838294735399832,-1.23237750722826,-0.509166955093104,0,0
0.226786121287269,0.246445588434592,1.42023761141722,-0.731071969082001,0.135441227861249,0,0
-0.466886467734518,0.221974842243852,1.25253383012906,-0.872562315146239,-0.494586750572151,1,1
-2.21791087618109,0.282602438070519,-0.11419453751419,-0.190274404496191,-0.264334256453916,1,0
-0.00347293724495091,0.282970396985533,-0.84348466394083,1.14248915263581,-0.445525087750008,0,1
-0.784264921066155,1.41940236826926,-0.3208833302483,1.39667740121498,0.135790723919815,1,1
-1.41801456176843,-0.724216081541509,-2.88081780337873,0.294302902334768,1.24260982850566,1,0
1.0024127064213,1.04765012989613,-0.835737754014662,-0.0120111193346826,1.93345496258988,0,0
0.472621626644565,-1.0051361457337,-0.0666589262854049,-1.08576643564845,-0.194188357690727,0,0
-1.37896022229753,-1.44181286435378,-1.30452662189631,0.8583059782687,1.19335327963652,1,0
-0.197020702166577,0.442747411939768,-0.997721885808767,0.179623323015365,-0.134383381189376,1,1
1.1979718962521,-0.567254490090559,-0.234505376439637,-1.01585983501277,-0.266251129894421,0,0
1.227648883079,-0.502208319694731,-0.721565277641165,-1.84972899343413,0.705984578841496,1,1
-0.253083683712779,0.644972287951103,0.413448103836851,-0.302000552912337,-1.3746890390362,1,1
-0.0765629603639062,0.186664708943376,-1.73002622410691,-0.0298057125051707,1.80124427243171,0,0
0.338882352398587,0.218340475326527,-0.360965711196162,-0.369381881948364,-1.10171281622566,1,1
0.0744595205866621,-0.577998519627183,1.99923261221671,0.0198770116308474,0.319538691257909,1,0
-1.13639121974062,1.5072196611096,1.24165278411355,0.463894746838614,0.536812931763096,0,0
-1.64841891593946,-1.22765294211095,-1.82902221275939,0.445983848119645,-1.31094397322013,0,0
0.277264010689291,-1.85700378950194,1.32811925737976,-0.0541265191194294,-0.794714906574356,0,1
-0.568411568962457,-0.689225469019559,-0.851168380641395,0.804385683105836,-1.09021850032938,1,0
0.250151645840679,0.827663600485588,0.0483678113042742,-0.124817111254041,-0.908866244141212,1,0
-1.5278858828837,-0.245141699325678,1.44934259727283,0.711452783913659,0.273179205409294,1,1
-0.452190848703187,-0.0224837817881188,-0.800869250056299,0.620170663280778,0.600230656386221,1,1
0.454168926777437,-0.858091627726945,0.096875743432674,-0.376466548348115,-0.542653610347628,0,0
0.889401396345339,-1.63178343234624,-0.846577893202039,-1.08907561572478,-0.7138627241843,0,0
0.816604667600611,0.254843936532942,-1.17588173831284,-0.871193104838707,0.459779640579273,1,1
0.785713723305909,0.327790655566751,1.82651222353984,1.53072397576732,-0.0387354348918996,1,1
0.282134619297127,-2.15416677570453,-0.480953870443106,-0.968551664419996,0.41578078738343,1,0
0.637475841414312,-1.25150448473264,-0.49912195953281,2.90474811370451,1.09046501578512,1,0
0.435240130854749,1.11068226121003,0.275827402307324,1.41676682103603,-0.672284262016751,0,0
-1.08191872462072,1.04614064167486,1.19297761695956,-0.437976232924751,-0.112166709888764,0,1
0.90772781805418,0.766799176683666,0.984741141040426,0.317690150038009,-0.0150657156198751,1,1
1.3238990458703,-0.92706623223558,-0.834764599300922,-1.63292370498511,-0.512870793993992,1,1
1.14584584112386,-0.0433981155802399,1.5003489167208,-1.40039041003081,0.363639922918582,0,1
0.989492504484006,-1.09287225278775,-0.607496696942111,1.05093510919966,-1.1425830823448,0,0
-0.220469887583119,-0.844185015768404,1.49178784991386,-0.259607734847231,0.124169943651987,1,1
-0.372342046743677,1.26223059279675,1.38586729415671,1.38022575261026,0.4383703667239,0,0
0.850606783771733,0.597008434667202,-0.295294205698855,0.500494398271191,-1.02736459556653,0,0
0.432178252549885,0.817500883894965,-0.412679555850973,0.534145608832162,-0.592553903256682,1,1
0.769268664390384,0.420076872882624,-0.0651517937299449,-0.347842050382622,1.55713128092256,0,0
1.08778646459928,-0.0846375880881372,1.73347444768941,0.418931001221961,-1.87646149044812,1,1
0.498307283683719,0.326575790131783,1.06777734893399,-0.19206278814621,1.06028619852649,0,0
-0.30740511415976,1.83580315282219,0.507235729775101,1.2431084029118,1.19838469752243,1,1
0.87934841109784,0.4402932626823,-0.673151683929852,-1.42617685587789,-1.17048494151359,0,1
0.480898879379293,0.519516940596899,-0.391839352529513,-0.754675251336983,-2.33141107546892,1,0
0.954157571927674,-0.799519632895371,1.62863515457755,-0.0804969637507111,-1.95180430121508,0,0
-1.37121793864725,-2.60223594885505,0.00863111079270092,-0.186208021280143,-1.115797998783,1,0
-0.195499291823909,0.510341416934232,0.471671031853653,0.248786251781907,-0.370557943868288,0,0
1.53785074993207,1.83016684929011,-1.66560845469447,-1.26971276473981,2.10092784997732,0,0
0.0905459615018477,-0.44353412600331,0.526488108291339,-1.54051099347891,0.321480190084458,0,1
1.16412437065387,2.07618057027238,-0.157606868333268,-0.980950065982138,-0.709637481292008,0,0
-1.68495451058297,-1.17660401935579,0.333104984317349,-1.57202310301706,1.38136504727057,1,0
2.02009624527955,1.79894917493223,0.548856768668686,0.832608421321899,-0.687755450978733,1,0
-0.75490172012498,0.273176993772067,-1.26139554914175,-0.0163766191132899,1.3551836000111,1,1
0.67196150050555,1.13126176966228,-0.358494328473701,0.54893416883577,-0.918515451388731,1,1
-0.382411519349142,0.504866121562092,0.0256280864561034,0.43853051815128,2.40902227631538,1,1
0.868058981273996,-0.0733530510928538,1.81550277153436,-0.239090521798379,-1.53903192624902,0,0
1.02341563215058,1.06680188935622,0.913120184805263,-0.141410212089039,-0.333116265298552,0,0
1.87246919702418,-1.04314069715291,0.422196967973566,-0.253218647548276,0.363310087793924,1,1
-0.0197133741101543,0.221171861077124,0.728045658805956,0.420550646485041,-0.265693301732287,1,1
0.405703137184028,0.61082436766191,0.334350157414011,-1.06182518940349,-1.06287269617045,0,0
0.672457231112248,0.736292564662272,-0.503474225084833,0.294719343463008,-0.14430829974244,1,1
-1.27438259900589,-0.636209584758034,-0.322342730040754,0.0603139534062545,-0.128586504343424,1,0
1.54937445255329,-0.791373630081863,-0.941356782188383,0.444184817211433,0.454325023618249,0,1
1.54441793150769,-0.676810189604972,-0.153605756635368,-1.1600632553438,0.716845655942902,1,1
1.8895142687317,-0.46286124853754,-0.190786875287318,-0.106272725370783,0.364769337912969,1,0
-0.783364678968898,-0.790612466979084,-0.147424831466372,1.29146254988,0.0180584895965967,0,0
-2.63815224161992,1.01512216202279,-1.03918694152685,-1.18551531454296,0.234142003501885,1,0
-1.37213089790367,-0.444719645548611,0.446798153724537,-1.20083708672767,1.71626373395359,1,0
0.582934597999028,-0.308447473827352,-0.376834142519395,0.824734108104663,-0.252551441528948,1,1
1.29857398622727,-0.289593411479361,1.93860937258377,2.65898420977988,-0.830706021187817,0,0
-0.488347061037258,-1.17550488121105,0.474009592824919,0.0772647675314365,0.0749714216032509,0,0
-0.596661602959925,-1.86882500704383,-0.216752473447386,0.41475747997128,-0.891606913984325,0,0
0.513128672412024,-0.779902240150852,-0.629914926837932,1.05795903093873,0.730952902732054,0,0
-0.798555442471845,0.611245914559966,-2.08745955989649,0.701570147386702,-0.436666476858089,1,0
-0.176411172056137,0.466724602582836,0.142353184296336,-1.24442680358319,-1.20949912025788,1,1
0.95521945143194,-1.1410064152587,-0.941578569339828,1.63246285907038,-1.10850296724167,1,0
-1.50028157781783,-1.8323557426654,0.419845993996755,-0.084900754265734,-1.38630662321943,0,0
0.174011609037533,-0.650074440638898,-0.702054269949919,0.044815921197313,0.154204507026917,0,0
-1.19576759495496,1.03318943653801,0.0584651761674877,-0.0766241817029292,-1.19669149639007,0,0
1.10896458226586,1.70261469145601,0.769924460312173,1.41555194290274,-0.0380041788800666,0,1
-2.63767180204993,-0.870139338682877,-0.305048809898599,-0.205870992156852,0.0295330805011947,0,0
-0.66700161757656,0.317702638784291,1.48351355298518,0.20431016881863,0.511784124774436,1,1
-2.05565008882556,-1.89087210430493,-1.4457555782631,0.642378109386631,-1.28757603794353,1,1
0.651057427018238,-0.973337927853807,1.03027588225982,-0.584808518090864,0.263214310822861,1,1
0.944418103260861,1.15298962837844,2.32781488518692,-1.94216581990228,0.484548498945559,0,0
0.770336752637369,-0.191470175339939,-0.0924758465929715,1.06557561403631,-1.3651566738356,0,0
-0.116370161396454,-0.337782253727118,-0.348446754691122,0.527129123853849,-0.56464462300712,0,0
-2.01866684960603,-0.468931027439004,0.879154777498714,-0.847822023392219,-0.202239796352975,1,0
-1.17394326127096,0.127722276086505,-0.620732579658216,-1.40905466401884,-1.84245578705134,0,1
1.10309570949623,0.82356656162612,1.23002385058279,-0.546268961571547,-0.555086749807921,1,0
-0.18767264409063,1.18537968806902,-1.30806695258457,1.11984944015095,0.0210411021297442,1,1
0.365878654608253,-0.536378116317567,0.958102576807452,0.120266822195844,0.552202563814004,1,1
-1.46077088885918,2.19617339139505,-0.151242265415235,-2.05810797369697,-0.646157926440993,0,0
-1.09142620096071,-0.28789926556806,-0.452264366690302,0.501115232877632,-0.355399299505618,1,1
-0.971572696857007,-0.216120056997247,-0.278453908067336,-0.351447830493198,0.448662797078263,0,1
-0.512524622342053,-0.735676681019448,0.957724330814054,0.28405261249166,1.2859611560366,0,0
1.73476301460409,2.79860846279404,2.18117106645957,0.490839153231628,-0.168688358303811,1,0
-0.160102302133187,1.94127062049559,-0.306385601924293,-0.409317463668421,-0.651785324557367,0,0
-0.00465621234075418,0.52809242127505,-1.3185391469697,-1.66738477714199,0.430637419932896,1,0
-1.43013067453946,-1.21674593883796,-2.23771310445273,0.485126201047873,0.827489642540027,0,0
-0.604341443002233,-0.376128861038741,-1.00444534597851,-0.837045143252908,0.675092994214096,0,0
0.802312048107583,0.0480755412551642,0.579767055418117,0.466004856053062,1.46811382523936,0,0
-0.545011526584859,-0.263904716642406,-0.362049803293479,-0.473628222405345,-0.229383785798236,1,1
0.297275682218457,-2.0214284965776,0.111711198730068,1.25346262345633,1.45552259491787,0,1
0.287046865051819,0.869578003387463,-1.78303939735371,0.117885967758428,1.29153172471661,1,0
-0.115399877371352,-1.05476323914932,-1.00714582399481,-1.01806534448043,-1.76515625044899,0,0
-1.62086210113218,1.48606386460483,-0.464252830920579,-0.138142331974303,-1.77531418236704,0,1
-0.400482714447049,-1.86499698434226,-1.13777561399497,-1.0506881629696,0.996593507456511,0,0
-0.0646030976573445,0.506308011023314,-0.17283159934038,-2.37431321021739,-1.46004164894017,1,1
-0.0122109056903981,-0.399623050482182,1.04137135065492,-0.501643436103814,1.5302836217864,1,0
0.819748320733991,-0.571544632464505,-0.943989863528157,0.846779526443499,-1.4255363352017,1,0
0.0903215414856324,-1.17362320217843,0.805752870469055,-0.905603029204231,0.29727147419915,1,1
-0.0226084793573904,-1.8715028029265,-1.01690866412117,1.36195481929583,-1.07400378547375,0,1
-2.85999274358309,0.671680523301917,0.587167724393574,0.238664743940848,-0.897666922212447,1,0
1.46441487945943,2.03749515249324,0.47894332634478,0.831448059807934,0.0646370470754395,1,1
-1.37524647020207,-1.29016458845649,-0.0503945571545516,2.2883525252883,0.482842675755903,0,0
1.46074976881814,-2.12118853775113,0.451631939548482,-1.38628585601456,0.924686576220637,0,0
-1.26258340962654,0.388221480829573,-0.945230433463321,-0.24278618696779,-1.06217449650954,1,0
-0.155407860952382,-0.377493355229947,-0.493764240164491,-0.184574214286299,-0.162208272093336,1,1
-1.62415311814521,-0.186393088704411,0.110822433402675,0.748013324602507,-0.633038917689111,1,0
0.706900750205611,0.849412420572023,0.285115935951575,3.14570112155571,0.296372721192028,1,0
0.919612187411654,0.0125143288498288,1.08097046657057,-0.170494954123899,-1.33521044674247,0,0
0.705220359592311,0.470765999888451,0.371460157158164,1.15885661194823,1.05642654672694,1,1
-0.966922357039501,0.534117787327049,-1.04478182864011,-0.972481007191207,0.784513090166593,1,1
-1.61611384415381,-0.533612956617686,0.556391437390385,-2.83376996852359,-1.26108891476992,0,1
0.0570530071513109,0.365667088105318,-0.650706016273403,-0.426617712497975,-1.24468240775216,1,1
0.281283792202541,0.282924071823295,-0.728508873231586,-0.627712429713948,-1.83627487499987,0,0
-0.568168910469745,1.28609940614638,-0.114457176871662,0.16489055180129,0.0913162391079202,1,1
-0.645222751848479,-1.62711425640226,-0.461731005624122,-1.2498300889361,0.451420691941663,0,1
2.28347668824133,-1.28858895186969,1.11860425365221,0.998163600130797,0.833749328519516,1,0
0.530628798115608,-0.505995401791764,-0.329822988226858,-0.211351315035104,-0.72762288185827,1,1
-0.74453337515313,-2.9175553140476,1.42683011763512,-0.0697885958961001,0.638552179020613,1,0
0.390724154175896,0.649486996471766,-0.999477027827247,1.89406755301201,0.912128816824169,0,1
0.385085871791534,2.37393188627116,0.82880652818579,0.119909977782594,0.653594001029798,1,0
0.233060250732709,-1.28095364959091,-0.231410385036933,1.04471241584427,1.69575249196975,1,0
0.818870873302217,-0.246655888937339,-0.74670671995599,0.773379519474596,0.687704667905167,1,1
0.479037295714171,-2.18848883853624,0.203063221834915,0.973127793032907,-0.309865553090133,0,0
0.0323776239371805,0.397454579501562,-1.63384202062684,-2.01669768493839,1.27970838174514,0,0
-1.19904150133893,-2.39404566170823,-0.839465304819946,-0.871394425748469,1.32236828385264,0,1
0.97571494218353,0.470614148285059,-0.969390587560247,1.02931100191356,-0.290334891872277,1,1
-0.399716443053514,-0.0431754945624022,1.50874940594239,1.12172720761603,0.26491541568215,0,0
0.980487971843861,0.342205533156631,-0.852317253747825,1.35797248592333,0.456049596899641,0,0
0.815769444695733,-0.578947531567179,-0.330978018471709,1.07650124314121,1.19790609479135,1,1
-1.42093618980866,1.12391488351215,-1.11217426731474,0.452234083910959,-0.956108352752724,0,0
-0.517833574957382,-0.742391323902922,0.595203029516517,0.314197781037018,0.265920517382156,0,1
-0.410893532257689,-1.14648580895363,1.90460151424923,0.401035638934554,-0.187763928717182,1,0
-0.0399238514252096,1.14394214846031,0.167562003507485,0.540957271297784,0.983784786472943,1,1
-1.42710406053412,-0.947684087234409,1.03332209513273,-0.480679719717081,0.769850820682594,0,0
-0.622063791807057,0.531763542142387,-0.234964603119384,-0.233605849535597,-0.827333856645682,1,1
-0.404114154931815,0.29042028117462,-1.5230717041482,0.0412481708661904,0.776481729679135,1,1
0.0688386901542725,0.666193097927726,-0.589236416992535,0.11652979347255,0.838211490528406,1,1
1.13817699459051,0.326862648927548,0.746874227073457,-1.32673635413479,-1.48649848435167,1,1
-1.70275494795966,-1.70154800848583,1.16654356773811,-0.372693182939672,-1.47188537063741,1,0
2.02249045315164,1.09029016238381,-0.783277281288068,0.274365120583539,-0.468464784746282,1,0
1.18121065035669,0.869854799156377,-1.59640948531974,0.227130041289699,1.63609617436061,0,0
0.634328005769727,-2.32200785343763,-1.17806753626862,0.770010345317069,-0.0957694804727999,0,0
-1.2889570649574,0.240079789810768,-0.175288201996677,1.5474848319091,0.492116885207363,0,0
1.83023914926464,0.490824454209464,0.883121348607822,-0.10541378419054,0.03739340969644,0,0
1.11535769537681,-0.511625517693417,0.540885098534452,-0.391960677446593,1.58577397175611,1,1
-0.181544592933513,-1.30589791881838,0.890722727481678,0.15053781351061,1.11878076966694,0,0
-1.98987641857694,1.20350487351781,0.869248811088028,-0.915935738131396,-1.47809359323045,1,0
-0.837610880503793,-1.99627756093525,0.775915593113472,1.1282899976182,2.67965713788271,0,0
-0.112595787618707,-0.964922350607814,1.82850002744782,2.74775713017121,1.09376799621292,0,1
0.338973761051594,1.11302507758672,-0.56917182741063,-0.0613589727951612,0.790785512938143,0,1
-2.02731620244106,0.560144786014466,0.967880851451936,0.545696511783623,0.171203223849049,0,0
-1.07641717079579,-2.57365229202753,-1.170748446018,-0.84309193320575,0.48417458887522,0,0
0.627154394159951,-1.1127045604381,-1.10951322146368,0.181762402447359,-0.1386786515305,1,1
0.979366867733888,-1.32443219651385,-0.558183663121911,0.319686478198367,1.02530156885498,0,0
0.120988350428976,0.936669788560375,-0.331463863494011,2.54930252369461,0.50210781953666,0,0
-0.945409533684752,1.83975187082793,-0.30062095595203,0.582391015825807,-0.033054491024102,0,0
-0.173508757024629,-0.248192158688567,-1.81448146221022,0.160038690392016,0.98460307810305,0,0
1.26746738293772,-0.58554838156161,0.415175313797678,0.789908667849734,0.404638783936873,0,0
-1.93192506528344,0.0616978075155834,1.75210144782541,0.224315954783902,-0.000303586592100266,0,0
-0.726252919707662,-0.446208230715914,-0.516979677735431,0.293497711752562,1.32013078396692,1,1
0.666373529139693,-0.183157782778643,1.09939503660492,2.00785709429887,-0.564626490209756,1,0
0.515999790118924,1.12498916452889,-0.0818274264018287,-2.04399937882847,0.241516486887272,0,0
0.725600950171881,-0.38492425693168,-0.283462158485149,-0.507668643097984,0.199197069091772,1,1
1.17176574948793,0.992172081700649,1.2525768847988,-2.42565590827098,-0.501744193589088,1,1
0.824883828534473,0.154430876712522,0.657787516425879,1.04130384603758,0.903708576106893,0,0
0.384154087052007,0.634179502260971,1.17546685647882,0.33746455177883,1.00119820378114,0,0
-1.73071161842589,0.458114045470699,-0.153328935350512,-0.779954810374368,-0.276731341262915,0,1
-2.13360848931267,-1.28118715055456,0.141887372893435,-0.872968002042489,0.40592106411978,0,0
-1.59768165584453,-0.428400121409611,0.0692803901484905,-1.34539161160432,0.312183949307233,1,0
1.20459243631346,-0.663164823722129,1.40587557781982,0.15390722614974,-0.104615552260998,1,0
1.6693920684713,-1.25769805999833,-0.0852377214977035,-0.228327275624504,-0.789092584040448,0,0
-0.310310030648621,-0.429138139946378,-2.24601866148539,0.325399852115127,-0.78979455303757,0,1
-0.826647197589582,-0.17324614078152,0.227654242695235,1.0722413065876,-0.708634516715269,0,0
0.546039036152322,-1.40268668087729,1.4139059002452,-0.269197722794798,1.26488272084057,0,1
0.553641412296897,-0.925856148074871,0.978464259280937,2.0762003914165,-0.281684943171384,0,1
-0.0687818786678185,0.197158105300964,0.519134374353703,0.320732150672862,0.604126734933682,1,1
-0.214017249969324,0.917555881405684,-1.28228628035637,0.526923628417456,0.247356181514989,0,0
-1.61742432229729,-0.335069640199164,0.69812639934349,-0.640837969488246,-0.534560708607714,0,1
0.865469133264528,-0.0271742823641668,0.400006198527107,-1.26011121585608,-0.416195405882684,0,0
0.0636754644865492,-0.154345085726793,-0.0773480426095377,0.469051500864479,-1.36675323292779,1,1
-0.787723721958241,1.37372041745201,-1.49378760640742,1.10464421886455,1.16860692365534,0,0
0.623890823380938,-0.00247312859100862,0.549254732751001,-2.69531967564073,0.774050245014424,0,1
-0.282306383740449,-0.664828321459592,0.0449813374121565,0.797808439858144,-2.47397599999736,1,1
0.548336246520777,0.456239004100657,0.499403523792739,-3.03108993020333,-1.1546805842003,0,0
0.950304019346948,0.0682560472644337,-0.557381007116451,2.27578629947935,1.23864100850076,0,0
1.89074159089426,-0.0317751271669387,-0.960305485570932,-1.56099050972169,-2.05361233883651,1,1
0.375832074044244,-0.00710788539606933,0.380443107088763,0.0184038405563354,-0.175987115929265,0,0
-0.296027299677634,-1.69489416791815,-0.233821633192712,0.287068358241127,-0.128682049933303,0,0
-1.54638618350168,0.59255511013048,-1.43195222018269,0.377001000189348,1.08437901176975,1,0
-0.391750852805203,0.408888975009219,-0.505705603957785,-1.57174139613968,-0.340556676496917,1,0
2.93399077959451,0.113098516210976,-0.38520016607351,0.597048661790616,-1.98449529004993,0,1
0.287972934313288,-1.14396822815164,0.182127818818235,0.798683273525391,0.00544356961467851,0,0
2.06688098989103,0.273149913388568,-0.274499583526668,0.914124136378574,-1.4881287073541,1,1
0.920014748386414,0.0862768079732774,0.392419656561195,1.00264098198235,-0.351315242056996,0,0
0.518092130189865,1.71163946666046,2.24311423818194,-0.0588279915019119,-0.779253015700881,0,0
-0.73109803366752,0.0939263484475062,-0.56512594665508,-1.96261009450869,-1.52959632910599,0,0
-0.4262317310324,1.53542987009061,0.311503898368775,-0.789140464918738,0.979515717633983,1,1
-0.103258941090641,-1.3165728927153,2.30979086174267,-0.165114889971146,3.3112454506958,0,0
-0.184048567224723,-2.78277023708192,-0.269304215896376,0.791687327917438,-2.24694595974903,0,0
0.661069846970232,0.138161859514499,0.63421773496398,1.686700648105,-1.61404899543708,0,0
-0.519762923069601,-0.0528521450593223,-0.462030144789753,0.00953677797674344,1.68032752407421,1,1
0.306420473648728,-0.356342843388958,0.634683445263157,-0.959012978525129,2.67566085737929,1,1
2.16582122906147,-0.885005438902422,0.559814201150829,-0.0466200930437664,-0.746939863805265,1,1
1.58253027763395,1.10887473328724,1.13565162493677,-0.579547336616119,-0.487851349867623,0,0
1.36231539100639,-0.149072293461562,-0.609287223570711,1.4068392212113,-0.523395009384774,1,1
-1.78548472636131,-1.02929022030423,-1.01091272087225,0.255371874813121,-2.08247088731031,1,0
0.227375208566249,1.18263454731234,1.0828639982206,0.00703986532034635,1.34620569649255,1,1
-0.0208554396920925,0.226420605102675,0.245136524214988,0.467152711435047,0.269407794768859,1,1
0.665492765621001,0.278779776517866,2.81866295764355,0.0592663748344606,-1.57918490538408,1,1
0.798698953126219,0.226672814714711,0.567628422441472,0.67847939774821,2.5358770536849,1,0
0.494785722377793,-0.270230214208342,0.328841685619096,0.428323377290289,0.893542086056028,1,1
0.460635230207111,-1.0317505530123,0.930553583615292,0.645178497163926,-0.77515323934428,0,0
0.480520136880213,0.731975780993779,-0.00534536920920511,1.51824265091544,-0.163724235921079,1,0
1.80120399709792,-0.380730687193135,0.517919570548288,-0.293199372396085,-0.959410893107435,1,1
1.33033918986612,-0.614374988867521,-0.71190864139863,-0.410193075002763,1.10904475098812,1,1
-0.501883906136773,0.54681419698824,-0.134029590042172,0.453934746118706,-0.0465838771068081,0,1
-1.3168760104175,-1.6888300711855,-0.00315175531710024,1.59356095831413,1.88912875251548,0,1
-1.25608361532466,-0.407393811089556,0.0866006866819941,-0.597243545146596,0.790451125787343,1,0
-0.251807856248592,-0.853838597112405,0.638420360573105,0.151308043096822,0.283821581747217,0,0
0.602042915877295,0.451252541888227,1.42257793614595,-0.826968911610171,0.0828177186529816,0,0
0.502289448260466,1.80252694819605,0.70210620692605,-2.26447811358781,-1.18205028713627,0,0
-1.48349255237337,-0.831666622592702,-0.220716921550117,0.390777417005506,0.614366248491428,0,1
1.10522752628006,-0.527720515051031,1.48716973259674,-0.409732854416414,0.529742099197076,0,1
1.64750262750007,0.259150395215594,-0.818508412644716,-1.37542120388342,1.58417979805465,1,0
1.05167266427362,1.12060658490751,1.19288478119472,-0.799214924413434,-0.221866772787604,1,1
0.159919284516889,0.672526707482855,-0.720463134315809,-2.1648227981602,0.34797098097301,0,1
-1.07194816908537,0.095857983931157,0.248099285329832,0.685512347237045,-0.376858704778294,1,0
-0.0496404976182788,1.98682091513484,-0.832863044662589,0.370211722303146,-1.27716592200502,1,0
-0.590023975340651,-0.713533176499992,-0.860825745461351,-1.17300391926333,0.686192199828775,0,0
-0.16766492206827,0.138995223382287,0.661844160814847,1.85583259070341,-1.17248012269172,1,1
1.80625298379198,-0.654513860661906,0.343986634355252,0.115633001961966,0.430477712163662,0,0
0.42034372065129,-0.413357656192274,-0.709294673426083,0.67416358500189,-0.443925177835592,0,0
-1.51691697561088,-1.62154396385998,1.06349745820077,-1.67205735582773,0.243793362807683,0,1
-0.869887316656135,-0.601405867372652,0.428651377714424,0.500294101578562,0.487730209680711,0,0
0.368037409846308,-1.73687531640528,0.984184391141228,1.02678645814822,-1.07541050887799,0,0
-1.35463899411354,-1.56747031458123,1.63230802025074,0.771138372620328,1.20403852538326,0,1
-0.321162003367473,0.435183071182614,0.452908750265575,0.0117508687317472,-0.24279422871266,1,1
0.885007741250135,0.69794595692223,0.250321319818087,0.16510412658836,0.0231286036071199,0,1
0.125829546827024,-2.62651126447397,-0.142180966927891,-0.682597711525448,-0.616502619491845,1,0
-0.0144621901046729,-0.429320264140781,-0.799950927476967,-2.00233547076933,1.457547983635,1,1
-0.677304171028082,2.04561854017087,-0.201716730324197,-2.43135590050996,0.457333100951815,0,1
-0.649907315860834,-0.931118699981224,0.37620540743208,0.812513496817539,0.693585402968096,1,1
-1.48371698774251,-0.340866599866771,-0.0833005216850977,0.705860197665051,-2.9365650154357,0,0
0.299021320368404,-0.505586141909011,0.407104792388445,-0.267384422331197,1.1119832303255,0,0
0.610370171979746,1.82852970843004,-1.88250907141079,1.7356515749873,-1.10221468215718,0,0
-1.89115184208474,-0.424560823847498,1.60588913319299,1.74645244262633,-1.49475070364361,0,0
-0.0478635197823112,-0.888489502426554,0.0951689974250442,0.244302987576205,-0.596440731398161,1,1
0.695805366257659,-0.257467250146337,-1.11708025320756,-0.982099607581703,-0.568581782115295,0,0
1.11815573584462,-1.26945244909751,2.339752740879,-1.13648920401343,-0.994407397129181,1,0
0.630175570240071,0.145287037848501,0.995628709958714,0.525765642635445,0.266707874090473,1,0
0.438835730397053,-0.842979543870211,0.38272450160578,0.911443629319996,0.239856924171492,0,1
1.04670570492652,0.531062123171196,0.0135969644513868,0.807943366657309,-0.00667584160110514,1,1
0.932850664269338,-0.787342772778716,0.438119335821825,2.3305177254526,-0.510593472334485,0,0
0.272384459796665,-1.033531981553,0.571964608029165,-0.783763075835122,1.03981641331896,0,0
-0.00363009538915803,-1.3468883322307,-0.654761652704069,-0.00384317557052122,1.42701989263657,1,0
1.27161129491156,-0.333849757407738,0.795370849885282,-0.257249040942217,-2.01798055552133,1,1
0.0830251721860772,-0.878881480723066,0.88419625001733,0.0285609772759798,1.99586007059627,0,0
0.356207595167934,0.254008370484136,-1.98018421199034,2.25291952764486,1.19854081024382,0,0
-1.41743414225573,0.9364471665949,-1.1589123838445,-1.20614648754211,0.986446400679895,1,1
-1.46387593438429,0.170211245786774,-0.276633016964801,-2.0236635319224,-0.876133954927939,0,0
0.0543359865304785,0.606085071625846,0.719214810363318,2.31409307248605,-0.258756278840784,0,0
-0.207365740464335,1.54946199218859,2.16031971593073,-0.594632717430122,-1.49311112747197,1,0
-0.87586483605978,-0.389433031650813,-1.05503785280685,0.246692500623464,-1.48605039586574,0,0
-1.86248224659323,-0.185614331914074,-1.77398624533981,0.119272353867423,-0.422264789590405,0,0
-1.65832496514893,-0.648032676043239,-0.173901088062797,0.233267626062778,0.42227984927964,1,0
0.100772443245408,-0.831279970651285,-0.623236876579901,-1.84585983571694,-1.05377810752568,0,0
-0.328984043361235,0.632399402428139,0.386380186952959,1.06054991707291,-1.78799074227379,0,1
-0.407498754626036,-1.79380896553269,0.336233357709755,-0.255740311031701,-1.36842241288923,1,0
-0.297025160133078,-1.4868946040627,-0.630043606502992,-0.432666535839231,-0.764000176110043,1,0
-0.0218859669970858,1.10730243496186,0.892442494262854,-0.533106365074319,-0.856323830669801,1,1
0.550760703669184,-0.545400025279263,-0.31840413271799,-0.201536607999958,-0.0139604188536611,1,1
-0.117843097132527,-0.63764209094047,1.30608525149447,-0.0134541512014221,0.351340978561834,0,0
-1.19612021820799,1.62756328592995,-0.0153648649966063,1.80663062594426,-0.456856126134533,1,0
-0.890363154935182,0.66250187057614,0.391993723762605,1.39150427298779,-0.828123890501887,1,1
-0.213736632986049,-0.561560104136332,0.757544882623239,0.448694306324352,0.847715251843575,0,0
-0.876541555850732,-0.17423012125014,0.426600795682047,0.392601332049746,-0.785931560953811,0,0
0.996324863428154,-0.776744580184985,1.3718065695309,0.43567213062365,0.769663077422724,0,0
0.310240483799102,-0.573557681110059,0.666543920888795,0.863196423070377,0.0882524987690011,0,0
-1.43141535285693,0.558475000358966,1.85679522789146,-1.01527261270642,0.672586884600965,0,0
0.976434942604282,0.108741499498894,-1.15294051128976,1.03788864200697,1.16451917694477,0,0
0.447839633937019,0.808547637915136,-0.476365910800787,-0.0875669052562487,1.0654165379614,1,1
0.937396092580066,-1.28121645142836,-0.788316499511231,-0.138697888471533,-1.02894373327776,1,1
-1.63963126160949,0.570906341076692,-0.631477270662299,0.51210159949782,-0.647457932907824,1,0
-0.0851279442318206,0.702590352255073,0.684907388024504,0.085865758500105,1.72849667607694,0,0
1.82621527024059,1.31785698262909,2.02863488516654,-1.93381469659615,0.572271609219998,0,0
-0.60559247295061,0.856353970977954,0.305213267909177,-0.624884000918724,-1.70901822064971,0,0
1.98742063404791,0.740244905656923,0.0761236815156878,0.125188216630178,0.0963753661528143,1,1
0.842362476473006,0.806658273777841,-0.498517487168188,-0.357767344299846,1.04413232966612,1,0
0.523403216497105,0.623234732831639,-0.526211405727336,-1.32684978321179,-1.08563389277338,0,1
-0.186973097648892,-0.484737289531253,1.00708071514197,-0.522883989144586,0.396088961146841,0,0
-2.54783399430726,-0.774620503881874,-0.276969465133963,0.293418520526636,-1.89005098172217,0,1
-1.58083791029373,-2.86130484707167,-1.19440379267255,0.179015590474472,-0.346867833230729,1,0
1.58146127911056,1.16325968595162,-0.217843277622283,-0.709888064312037,0.0511166869363519,1,1
0.27022966844353,-0.861416569581555,2.12988636603119,-1.15663851575055,0.865807752799325,1,0
1.35009818778037,0.252791041485137,0.403387804836455,-0.531400232530917,-0.0550686425261431,1,1
-0.0727137931074418,-0.72366742515296,0.304190023191324,0.638916084072318,1.18420569536173,0,0
-0.315525762807805,-0.0843531910037573,0.158546086787051,0.472845177423981,-1.69891966205514,1,1
0.00957791551449776,0.309681755729172,0.434277839803044,1.04444807822765,-0.861458307295205,1,1
-0.330576285043151,-0.731529950629364,0.709993147981408,0.342115481700583,-1.68119356000568,0,1
-1.05949667939215,0.80160403583079,0.9189717319612,0.349075498277749,-0.313005139706417,1,0
-0.308670942561535,-0.389514386483831,1.52912404943519,-0.941281454076339,0.84874265279725,0,0
-0.0633373500147294,0.0960761021750891,-0.240660843195098,-0.150109741044701,0.0750189514815438,0,0
-2.27924047977629,3.87941242324298,-1.95820780220307,-0.924119464249321,1.53615399282585,1,0
0.981689148801912,-1.04968823873555,-1.14624886089163,1.08918027904546,0.044694668051665,1,1
-0.424217157387235,-0.178417076640715,1.95682098130107,-0.387557963670413,-1.02144255387063,1,1
0.965583846311495,0.743473645336967,0.830060289721274,0.429922344840979,-0.140334499502582,1,1
-0.523739304415208,1.03867225450347,-0.157451124657271,0.0680897287293587,-1.29112463101948,1,1
-0.598845093847092,0.856703027727181,0.59368565192231,-0.100909491653172,0.103528597084631,1,1
0.697570122339113,-0.928255678633848,2.7851679367926,0.256006518231447,0.628504568651446,0,0
1.68692398755952,0.198569282878526,0.0498227201013792,-0.923750243129973,0.218824400858053,0,1
2.00998555045082,-0.680860315463881,0.751837007935927,0.290303594748771,1.38206239506907,0,0
-0.155848886613821,-0.846613457809603,-0.306795255799239,1.05993313858577,0.263746514318675,0,0
0.742840535715202,0.226124347357073,1.57655520539287,0.173800019678168,0.41584445004474,0,0
0.83036600653933,0.191796635878896,-1.26994390485677,-0.346648246989499,0.285572028290563,0,0
-0.331378699142558,-0.624215371192314,0.371467283001796,1.6398650597137,-1.0794757475242,1,1
-1.08951547344782,-1.48935896133674,-2.0551840538832,1.09528432198183,-0.431264862980481,0,0
-1.63165479782195,-1.43429591701618,-1.65510054965873,-0.0756795545831389,-0.045057299160884,1,0
-0.429855665369893,-0.610685363073378,1.46208623731869,0.517496145261633,-0.22345906526894,0,0
-0.99931063167392,0.456352601876689,1.13192165704938,0.791566049630017,0.074153295503047,0,0
1.31013556998849,0.974568867119524,-0.993746362903139,-1.4708439582458,0.0357102511458018,0,1
-1.7437468292156,-0.114590569818221,0.318157682465969,0.221764719961964,0.953912337818286,1,1
0.363619342682106,-1.41648232562431,-0.187914455563385,-1.71054732516353,-0.796133542732269,0,0
1.40949795648511,0.475635200424117,-0.596980099527516,0.697202919595802,-0.283329051025304,1,1
-0.387153303897355,-0.694400837482795,0.633388407034944,-0.232942668164236,1.08086926310683,0,0
0.167803788835057,1.43738535988548,1.27588825692838,-1.07489398131304,0.812079784301017,0,0
0.247352881345199,0.398976358708251,0.108153691615663,0.280167532988138,-1.50330077074989,1,1
0.651294803913224,-1.02215460550966,0.647341342526151,-0.803229199279666,-0.936769286079168,0,1
-0.395986822087589,0.918035864079467,0.00545260259103825,-0.981782621705671,0.42757794296605,1,1
1.37195188894805,-1.51293260794076,0.934291687297128,-0.0503658877819889,-0.000220948955830716,0,1
-0.689037282728773,0.87131833627299,0.288871510512096,-0.197037869014268,-0.515528782696444,0,0
-1.85651981577514,0.418961047991709,0.938607588153605,-0.036071342137424,-1.18813134427509,1,0
0.0776551230422991,-0.183456082720645,0.715441655904938,0.249721184420913,1.2350345982907,1,1
0.0363796963317127,-1.23787076261042,-1.67746478746103,-0.625058342513327,0.0371573038981235,1,0
-0.715408906021349,-0.111112066730134,1.30553850803696,0.375327221902623,1.84926333983211,1,1
-0.866742739470784,-1.20768115235035,0.670072585947937,-0.51940918424913,-0.556203324393376,1,0
-0.470467605841206,-0.7249902543503,-0.100771863255192,0.886668696152859,0.743700670054045,1,1
-1.01564850955509,-0.210701190683878,-0.42241242524919,-0.542590174485708,0.637991770350006,1,0
1.58571252551782,-0.370660001304894,0.745577928394016,-0.877246651513963,0.759958896047861,1,1
1.1994603512063,1.71435415986783,-0.671535928168169,0.150977589728576,-0.51231190030647,0,0
-0.479221349119121,-1.08100767270669,-0.516597480755833,-1.97280351951761,-0.842413305182153,1,0
0.356883170311958,-1.92568086367506,0.0925776764386002,-0.483911952049868,0.15987386492055,1,0
1.38677356702527,-0.249077565874475,0.581040305134241,-1.26065757963047,-0.187004309099226,0,0
-0.56232771704389,0.649575402684951,0.813015908324793,0.799489421229586,1.36636608213751,0,1
-0.594811968591797,-2.03031249961384,1.03016260719777,1.12206135646043,0.253527888293925,1,0
-0.666297880854707,-0.408304168249811,1.31755079350774,1.566272187572,0.317965052622577,0,0
-0.132641410080707,-1.49647227731389,-0.260432216831376,-0.129462983906812,1.71357165476037,0,0
-0.639325476501398,0.854440636719837,0.585935040730376,0.273012291951936,0.31824886823597,1,1
-0.876869499810715,0.0775230115685769,1.0159619465314,-1.70156314525738,-0.654379703689859,0,0
-1.58951584210638,0.016930518432777,0.80133232354234,0.141986987755723,-0.941793947688811,1,0
0.0519429636378212,-0.00294368002574339,-0.209985585352377,-1.32984043201313,-1.50674056964674,1,1
1.51964792325064,0.567370696283026,0.168247111382875,0.849494000496707,-0.90520910898126,1,1
0.656426320610959,0.0469031259913018,0.716525058435776,-2.12529640521464,-1.88732407736152,0,1
0.261293462723891,-0.222215226245107,-0.755133168270679,-0.236663563351214,0.18849496359111,1,1
0.0186814200945802,0.302155273161127,0.0977329941469716,-2.13987565395433,0.569421679621827,0,0
-2.4748236409754,1.67401726406129,-2.01010886015589,2.06291180097262,0.677465218069969,1,0
1.19962224770236,0.790521263460785,-1.40422573651703,-1.1907002548258,0.329443935363541,0,0
1.94777595528845,1.86057223705906,0.498946408991073,-1.19345173827851,-0.051735578728295,1,1
-0.178324914809896,-0.151005975750309,-1.38925651870587,0.579913890336297,1.33602647597465,1,1
0.252561490488252,1.25001521034042,1.44786529951191,0.549080428280834,-0.987667912825046,1,0
2.83891173510738,-0.990908899245789,1.16049291678204,-0.78223604094323,1.40895522681072,0,0
-0.0588773749428222,0.328959653712618,-1.7138592411508,-2.61153115798684,-0.362241196284606,1,1
-0.739467639406726,-0.507269570039084,-1.36773093415678,-0.729441956875677,-1.04398082877687,1,0
0.105315221486037,-0.544898208683975,2.19135448150025,-0.474429050140108,0.154764895971789,1,1
-0.607711382713656,-0.0563525996752002,-0.165532443672147,0.338130250502034,-0.839267386641628,1,1
-0.90962051018812,0.173603186732203,1.29326190108112,0.642442306189207,-0.0176809067833947,1,1
0.725795082214356,0.462881793308526,-0.240292810150533,0.246893186387745,-0.964348014320581,0,0
1.0938797521133,1.22490558064113,0.489224765409982,0.365819344345162,-0.0116105296085826,0,0
-0.692269564600533,0.936199881270328,0.107256825799653,0.654169655864179,0.914788094459859,1,1
0.761623743569314,-0.43348852154102,0.101896189656849,-0.227290327628646,1.12410906916646,1,1
-0.186326559604464,0.914230245053859,-1.78647988721222,-0.456178124833224,0.133418696897813,0,0
1.30126816574187,-0.450340251379315,-0.196327321784267,-1.36156137051461,-0.566380688878063,0,1
0.372702841256084,0.0926511265306849,-0.997277419576831,1.39773404431523,1.59210733515683,0,1
-1.22473699777927,-1.64963406772738,2.19243422392277,-1.01280661626052,-0.586266659130171,1,0
2.4923147281671,0.942292428286067,0.277440812362144,0.309843282016776,-0.496022051697743,0,1
0.241028238635643,0.275391957616132,-0.277705803320278,1.4765543305974,-0.690443999980785,0,0
0.151708517608801,-0.224036822327878,-0.513991485774672,1.03114757854312,0.496155883089459,0,1
-0.720971899158055,-0.0980625462946519,-0.177977320576386,-0.661158739771514,-0.36804799490989,1,1
0.0748105770917012,1.39029336749601,0.391378710693251,0.122618564818782,0.439051123283486,0,0
-0.699923815613834,1.40357835410382,-0.0799925162196778,1.33031930962135,1.31257675178634,0,1
-0.118624667298077,-1.34533204052541,-0.679828571500734,1.85528187456625,0.803877979716126,1,0
0.55210035003323,-0.333285122371743,1.35680138206285,-0.99010848219052,0.813358439713182,1,1
-0.166278333656004,1.584846933852,0.0250236385918127,-0.56754847236102,-0.434489195243592,1,1
-0.931498130439413,-1.04787233473126,1.54881619675023,1.26577100194081,-1.16882009300088,1,1
0.658179709982846,-0.0344455563657896,-2.02633643428624,0.359727493813591,0.0349972085436976,0,1
0.715319837478863,-0.0692141176807012,0.477375562721249,0.129929329237806,2.25187591051927,0,0
-0.531782888994436,0.306448787766214,-0.768977334625999,0.06909871876245,0.518222228233832,0,0
-0.0805168683889799,-0.185012719412994,-0.02727621083532,-0.454257892907712,1.11450767578062,1,1
0.811152438577692,-0.547070103556121,-0.456542887083061,1.16410932857534,-0.677577655069774,1,0
-0.744166267752665,-1.55892420767185,0.465367648382591,0.00495536832151843,-0.847127422705776,0,0
0.721879418407809,0.359926336358838,0.214171281777702,-1.12946207310825,-0.0840650911456039,0,1
0.534166423295732,0.547709259425388,0.494200240908608,1.59162043611335,-0.923554342929985,0,0
-1.5186448184548,1.44068527442744,1.81421618380974,0.0972320584020446,0.446889732729214,1,0
-1.61115256593581,-0.196571326004755,0.163319964818676,-0.0440381739972756,0.204520590456182,0,1
1.01296817339423,-1.05985685790058,0.276022629171724,1.16929235535784,-0.104534233452317,1,1
0.169088593316177,-1.31290187167988,-0.901415937511123,-0.172543677648794,-0.84747144905134,1,1
-0.493278523384875,0.917643598073902,0.651311396038141,0.525833799254022,0.440847353290081,1,1
-2.09163168813914,-2.18953841999513,-0.433302362231556,0.191808253693855,-0.75493090643761,1,0
-0.346454869504268,-1.9985598843109,-0.0633258740349624,1.75616314165695,-1.26349423853877,0,0
0.272461209018143,0.162560399783446,0.255634743038735,-1.69211499644367,-1.17049669244352,0,0
-1.34483484543576,0.928846689873013,0.959877186220631,-1.1946643138553,0.534412765381137,1,0
-0.383485663816775,0.320165307099501,0.0193003602783112,-1.34201661245544,-1.66438748111407,0,0
0.270003649850455,0.424610792197018,0.330798555517479,2.07074194416425,1.06758261726247,1,1
0.140882965616979,-1.20030702784471,-0.763421497679905,-3.00660928804752,-0.197983115811305,1,1
-0.523262823719047,0.826248505161657,-1.93766564423834,-0.608155117966544,-0.197078003913047,1,0
-0.359259119453093,-0.283925564705947,-2.55809192760561,-0.404009667260819,-0.321217459327598,1,0
0.478257740968774,-0.613920671280795,0.623148794390492,1.26174744744479,-0.474160148471403,0,0
0.709999306955232,-0.114128328044733,-0.0567559708448899,0.296293556529396,-0.646978039763389,1,0
1.37754398232397,-0.489220006958166,-0.423557762580639,-1.93240589457143,0.617195851161511,1,1
0.669325160685811,-0.692167407904434,-0.381728103930673,-0.701193936106869,-1.50364395807941,0,0
-0.264492111855362,-1.1838913756186,0.206524011893706,0.485240255017642,-0.366418539183332,1,0
-0.784998941734136,0.128675335768954,-0.291411351935428,-0.73768107662761,-1.17081891270962,0,1
0.295480861695874,-0.787178100078973,-0.865918307425646,0.353028867533242,0.0929531184407351,0,1
0.327503260090006,0.0106199963212727,0.214712266420155,-0.090084514090444,-0.347505824008598,0,0
-1.08550180370422,1.28445381719661,0.277155045719682,0.29314420245856,0.255811825050153,0,1
0.55072879804603,-0.758055416319159,0.365994684868993,-1.68743577946937,-0.28494490867652,0,0
1.64807839983227,1.33948203911189,0.376266520049185,-1.26664101000797,-0.288992116946898,1,1
-0.0414338451254138,-0.440489156857177,0.656446701287094,0.561499895256193,-0.352692233232316,1,1
2.11622427419419,-0.40717913868006,3.30036965507192,-0.0808118040622268,-1.41558835939613,0,0
0.376814685516665,-0.499372568427912,0.961276594327643,0.514801272143519,-1.14417790412005,1,1
0.414040777955979,0.360725964225096,-0.720429323549748,2.1921950371811,-0.786485713925611,1,1
2.93229978934948,-0.554028701331684,-1.29335892557165,-0.340134332910749,-1.52463144947968,1,0
0.544218130995248,0.896442188585825,2.30918684811521,1.03193562148304,-0.39623463051791,1,1
0.62531539396382,1.22316393153076,-0.0680621234234426,1.43734137462459,-0.457776304562041,0,0
1.75247925734111,1.57884092383146,0.394573237340584,0.633766558919483,-0.653766445037425,0,0
-0.128768886790584,-0.108767577698801,-0.290449773056527,0.308968447682266,-0.655562057438544,0,0
-0.41651471501766,-0.429100219015187,1.47214751727568,1.89070541261675,0.492456797455526,0,0
0.583387042058482,0.637474511717373,-0.447837226534621,0.489077186705989,1.66082330090557,0,0
0.803891663829215,-0.34646164762201,-1.47279689853037,1.71399639119163,-2.36415781638416,0,0
-0.305807610534735,0.2370829592527,-0.865537583535612,1.43164158729275,0.413867892593833,0,0
0.612376965612764,-0.708769971616539,0.459547864643287,-0.958081425690454,0.0668082023520481,0,0
2.20671949456838,0.627543368250565,-0.967125046021254,0.197790856410504,0.837098497791731,0,0
-0.432346979663308,0.747988481528721,0.429924395518958,1.53998795562629,-0.977466398057189,0,0
-1.39686439298259,-1.31018763462581,-0.613869115792994,0.709585917839441,0.434212840759692,1,1
0.926937883929191,-0.451101465795083,-0.677389029976121,0.316972693800543,-0.845004520870632,1,1
0.516934042680715,0.664415667273054,-2.45086993090382,-0.182480280659607,-0.523378434545907,1,1
0.841500678012216,1.48290426772603,-0.0490347747327216,0.161323461512902,1.40918068508576,0,0
-0.25641305052487,0.591155274541175,-1.23216289698345,0.328824186609487,0.620960695363381,1,1
-0.190915137831055,0.197686159702371,-0.909518569908027,-0.091247183213473,-0.881035863408249,1,0
0.556975137378954,-0.130891854428181,0.569190603842543,0.854765639653377,-1.6715849813557,0,0
2.03874260232383,-0.883510468652777,-2.10925695440621,-0.0159253204408845,-0.249300290785337,0,0
0.942575863550924,-0.30353444731026,0.951064879824343,-0.968509805331614,2.28632543773794,1,1
1.84031556030807,-1.81315597579484,-1.05366156457592,-1.49448095320789,0.187294806390189,0,0
-1.95831150482803,-0.586058609610884,-0.0578960690501863,0.0832193492901721,-1.45215741282216,1,0
-0.570489100251902,0.384459858827591,0.161000440761183,0.15900892368481,-1.29295979924534,0,0
0.276328730374427,-0.0766528652774475,-0.643569916140433,-1.10844064366786,-0.507937026430469,0,0
-1.75653793301693,0.374285641651373,0.340823402618884,0.772764057029599,-1.71591034629876,1,1
-0.120193597687029,0.948620947921262,-0.361684183240893,0.0381232979521373,-1.32886919167467,1,1
-0.424340950359301,-0.311316119914538,-0.978873268969393,-0.813229503725885,0.655227919391768,1,1
1.49862746714706,0.85806233541688,-0.124119987262153,-0.387564987778109,-0.965759186598979,0,1
-0.638192603152434,1.21392681537816,0.338867494095563,-1.28937179187652,0.772929856218556,0,0
0.194967334309986,0.367436742806326,1.80411711730279,-1.49249654265223,0.0678377125332283,1,1
0.154846143001934,-0.0707567158463039,0.95771929887422,-0.0273737518901421,0.245003483783293,1,1
0.234954736540259,-0.730047412293982,-0.257444502949612,1.10651013584607,-0.246114604333134,0,0
-1.01018566981675,0.0166694289346137,-0.484986459980252,-0.0801969244440882,0.368936562240866,0,1
-0.545870187732932,-0.329211853616945,1.27571542441132,-1.41275924034842,0.429766519095075,0,0
0.536588816742303,0.33586154474357,-1.0802893639385,-2.07914427676142,-0.553015656118826,0,0
-0.0736517334973054,0.166110040407692,1.0083470158624,0.112856005176932,-0.24112717835891,1,1
1.60474709360974,-0.096904777229542,-1.01103603441246,0.234193065379105,0.743834072397129,0,0
0.300602231676258,-0.408875540469092,0.302116172216456,-1.75707451595584,0.12553250456952,1,1
0.287461936842639,0.823025836161122,0.0739695228889607,-0.303285800992953,0.488373759457598,1,1
0.824081010457686,-1.44531314741772,0.461087768564435,-0.863209877174104,1.45208368637235,1,1
0.178299297212347,0.895144186556972,0.261099201374868,-0.226931879177467,1.27617552885571,0,0
-0.699024778601273,1.68013296671225,0.74297698472979,-0.819319518087848,1.60010834141213,1,1
-0.697731474865831,-0.402734879640848,-0.0544563329002399,1.47117083877619,0.560156433543188,0,0
-0.021969722486199,-0.124242273152136,-0.817504429227077,1.48942533065688,-0.108083472048675,0,0
-0.488778993530549,0.267470949170543,1.95505749551534,1.16930074579683,0.886701100171913,0,0
-0.900746584903347,-1.23102198277287,-1.07333738952364,0.681626764300801,0.126515027866239,1,0
-0.574982169928406,-0.977996021247296,-0.55103415244106,0.180457148407027,0.54054739022083,0,0
0.0035635302420834,-0.423467161332452,0.685420022856029,1.26070444378339,-1.04974129694006,1,1
-0.541030592702213,1.67793954511472,0.245975649087672,-0.881194649382883,0.598685548249495,0,0
0.151628525988238,-0.682146505935034,0.25409650034561,-1.50498865687641,-0.421060938885243,0,0
-0.422491831850289,-1.14021425773405,0.65480759559404,-0.805391198659313,-0.718880106572314,1,1
0.708698843274068,-0.177528333462609,-0.957816013069771,-0.449295297588777,0.454255000909423,1,1
-0.259440710268279,-2.28966364309983,1.04020344446865,-0.580014433586121,-0.920149140079998,1,1
0.399002965902271,-0.966252721839901,0.112906433199331,-2.22897010087902,1.36920800761606,1,0
1.02015095283257,-0.118676146842031,0.662315277811955,0.203874487615097,0.755840790000674,0,0
-0.0320822718528401,0.0648191439192496,-1.5550218513114,0.63082752694578,-0.846035272192967,0,0
1.09667598107461,-1.49238518568545,0.135484974591763,1.57823689228129,-0.126503563155055,0,1
-1.39811572071665,0.977941893582945,0.655370275845092,-0.151496785534651,-0.133973761731338,1,1
-0.217695275524185,0.955017078999512,-1.44643353296913,-1.14496332884338,-1.64471583606446,1,0
-0.40265425905938,-0.608761290171867,0.141918157041613,0.62258639553868,-1.36054212113254,1,1
-0.978050060896176,0.28552276314011,-1.45512246707971,-0.490596748832132,0.593246691607774,0,0
0.321740847585148,-0.322533256209682,-0.223636889715193,0.366741308577527,0.920176011277001,1,0
1.84015660693944,0.195343664668545,-0.545176430436887,0.271115967934635,-0.07198938219553,0,0
1.07605264838524,-1.77203174169914,0.656382990006109,0.676328554921002,-0.194993430835542,1,0
-1.01584858062668,0.31455457383592,0.502393540636011,-1.52121584427476,-0.0147950108814928,1,0
-0.360073689957137,-0.565677678972131,-0.48936617487645,-1.59329921606702,1.74407350107178,1,1
-0.286922896134628,-0.876190519317571,-2.44412211243601,-2.31057538801766,-1.20202898527158,0,0
0.771611661737417,1.48872049203008,-0.806306063417448,-1.17739340853863,-0.701723633849548,0,0
-0.318452153828093,-0.781727229870649,0.156249616846553,0.154026601198432,0.324480715462237,0,0
-0.892036722277064,-2.05059802264523,0.469232637305889,0.458600530906454,0.0267525162537754,1,0
-1.18062333620793,0.773750785247732,0.342392875241868,-3.02197191631039,0.908024948830672,0,0
0.130550382311386,0.4167449809667,-0.156867544657804,-1.74735649478004,0.176412137556306,1,1
-0.484623212411856,1.0829896298065,1.52768849008149,-0.0357260234256489,-0.116509165964646,0,0
-1.65212409282801,-0.980511138681899,-0.896209966645714,1.44337860511115,0.618220352144227,1,0
-0.617936819623743,-0.561497473616274,0.123985651178481,-1.76068072738467,-1.16268979280442,1,1
0.977548036098275,1.01914666391459,0.386829554691768,-0.879123109718459,-0.227118402632717,1,1
-0.701066682424601,-1.04989421673309,-0.321474203471026,0.606033088353876,-1.4558190947106,1,0
-0.906414944948015,-0.317900077612313,-1.03483214775284,0.757786314238934,-1.07575900499056,0,1
-0.184788818055441,-0.384402660192861,-1.92026009923955,0.273775433983331,1.80848253737865,1,1
2.36063433683287,0.420351934903921,-0.26825612630466,0.533541416359839,-1.0894831762383,1,0
-0.363919558429926,0.185332263624175,-0.581048555177908,-2.05308255605495,0.860293766687251,1,1
0.0123361191524752,1.51301229158192,-0.582173346236291,1.65029209494387,1.72513301681891,1,1
0.458827810020412,-1.00539460313895,-0.281806805252609,-0.69138256121684,-0.54380248722016,0,0
0.239146749355913,-0.377798267478271,-0.347183819682138,1.23482637746179,-0.372590629170103,0,0
-1.38208117835091,1.03183382525609,-1.175443958335,-0.0860596664242329,-0.110707211122717,0,0
-1.18529632019691,0.0136128496079662,2.05790190948651,1.42972549578216,-0.0567683630300156,1,0
-0.326167128996668,-1.49982987911126,-0.744221347013903,1.85686678213412,-0.285350797193653,1,0
0.775333442161916,-0.121180599546506,1.28546705290915,-1.17025725013759,0.265035742571628,0,0
-0.403969073981495,0.935295970662834,1.0276350534909,-1.23147907709024,-0.0747082240643805,1,1
-0.943801774953083,-0.277981798899026,0.469387930485127,0.587312449680436,0.773699042218447,0,0
0.220480454888517,0.745832900666032,-1.77545694270308,1.74997752632923,0.788448267973691,1,1
-0.451248504407505,0.664326693573168,-2.44520731469973,2.18358436933351,-0.333692551088339,0,1
2.21354767838282,0.588307601688557,-0.0476609567934936,0.486164841737717,-1.03328779116275,0,1
-1.88859260752908,1.45203345625286,0.780876802604759,-0.180195557654173,-0.315114402362588,1,1
-2.28661313680676,-0.551305346140057,0.368270080269347,0.0976143893164703,1.12709866688938,1,1
0.852674614105278,-0.686480639254323,-0.82304439880145,0.997921610153312,1.04154380048603,0,0
1.41785365045272,-0.743596269347372,0.419379639634927,0.531987319861267,-1.23279318658733,1,0
0.519024072213487,-0.687558961298523,0.0261443683259498,-0.839826704115546,0.972316483500339,0,0
0.669042358293744,0.521235733294695,0.259147187497519,-0.891884995724595,-1.53132700358147,0,0
0.648217894580872,-0.422653568640656,-0.474022622247227,0.0967801507553144,-1.0553135039224,1,1
0.507232484064619,-1.1797569347471,1.34622144889584,-0.169110360888453,-1.07018481480411,1,1
-2.45602740137073,0.93186939914022,-0.453936114084439,-0.674847962595271,0.255476510484937,0,0
0.974151935942939,0.016929605376114,1.20702582474172,1.59035268382527,-1.45950306083876,1,1
0.745799954731094,-0.0711680554882864,-0.159910912261353,-2.40606424243674,-0.439348821953282,1,0
1.67602879509319,-2.04352652541846,-1.12030614611766,0.249835732199126,-0.618955792337155,1,0
-0.334988956536685,-0.294100774781902,0.0500479712942325,-0.471432693816755,1.59058310148634,1,1
-0.355708570305863,-0.0320170475354166,1.1891946219256,0.73313656654874,1.36454573945058,0,0
0.729910480592836,1.18810952957955,0.311076194374561,-0.281241299524064,-0.878447583633403,0,0
-1.0535525112562,-0.780882928514687,1.20918085948305,0.028991013803776,0.915495924459354,1,0
-3.05068332639324,-0.554504102720648,0.529084712591112,-0.352335097946516,-0.908013221208259,1,0
-0.660836217880039,-0.733279085827062,0.5320979033962,-1.03439874815689,2.02731024266502,0,1
-0.595339284691172,0.509474161829957,1.1979566672196,-0.187042953517014,-0.574315582102567,0,0
0.299156352685483,1.16291958735441,-0.606638737179097,0.766527226425693,-1.49133183642568,0,0
1.4565401624266,-0.121371450101627,1.17162001094759,-2.05040401503039,-0.520411603376275,1,1
-0.370598458752714,-0.3148207830765,-0.321398030683136,0.770525831988476,-0.675752785670142,0,0
-2.06534473986261,1.28133274256971,-0.368620196419913,-0.848531281653721,-0.0848565203428733,1,0
-0.171417386328923,-0.556037609744364,-0.113733004141245,1.29084222501448,-1.82350485429854,0,0
-0.947138661634725,0.248911311749506,0.508556099593053,-0.153411996086634,0.164738302981347,1,1
1.62405370718861,0.262929098881483,0.682817950895981,0.781056112318235,-0.153042967627633,0,0
0.798274560053766,-0.355184238911349,-0.522616958482573,-0.706646145654537,0.722685741370943,0,0
-1.22734909538855,0.577199949980648,-0.781507095512329,0.255933219903017,-0.792902330296528,0,1
-0.204822137905909,-2.11109265239362,0.436686985963723,0.587144028966811,-0.826174336074808,1,0
-2.26247895781255,-1.46230461625011,-0.931303752771014,0.032084723672488,0.356242712810625,1,0
-1.85328885541503,-0.542371605759107,2.1676675425924,0.481797395999928,-0.459841609074295,1,0
0.835817572623746,-0.0895017727301805,0.5957402893658,0.6011865166084,0.272181853492597,0,1
0.164011633816012,-0.270980174337736,-0.670049535322999,0.786625581485272,0.139416415906914,1,0
-0.297457475660098,-1.05296489198972,-0.052312315017706,0.617341240524107,-0.775248793030414,1,0
-1.39942426215566,1.61486593563694,1.1575591256805,0.0051779890435869,-0.794981569821516,0,0
1.3287714491905,-1.33571381790246,-1.13427235786299,1.19681476414671,-1.38508288478546,1,0
0.0642829202188364,-0.336922667290113,-0.969571248256456,0.31589945115488,0.171086919924311,1,1
-1.02133892283542,-0.849423410304505,0.334424515453266,-0.0427713139227587,0.871437573217315,1,1
1.24094145405937,-1.04136124016974,-0.370631635011457,-0.582221170222547,1.03306129073366,0,0
1.05907802955334,-1.27291954681394,1.11898906639969,0.235906867623742,0.710733334183532,0,0
-0.305329712159901,1.7332611032666,-0.752029471355912,0.136243178938525,1.14575001547002,1,1
-1.09363837442071,-0.932394348591168,-0.554113399288922,0.11674892984885,-1.407109855405,1,1
-1.75491823904298,0.62510195691017,0.124756347105531,0.811659421225702,0.414411320258141,1,1
0.0313885159726592,-0.844346704612521,1.10263103015386,-0.254154116110935,-1.47553115192592,0,0
-0.214178451555967,-1.04235386517979,0.20217046438412,1.5275201681351,-0.657979940387406,1,1
-1.95543979529266,1.27760356927414,1.8787050807726,0.772873178976952,0.85375856761446,1,0
-1.13341071468634,-0.502224448182965,-1.69847975624012,0.452338294984947,-1.21564041069908,0,0
0.265946999610289,1.35793290471171,0.559594537014133,0.282905327349414,-0.188428060506356,1,1
0.317434177258643,0.939501199871553,1.43886850984087,-0.0102175507287218,-0.175549356441537,0,0
0.244380410899168,0.583603196426281,0.741074391076993,0.79153065453809,-0.975753702250713,0,0
-0.377901999008102,-0.184679244191907,-2.02753544531147,0.617186898678865,0.236768671285884,0,0
0.751966767149791,-1.72411299141028,-1.00694773079702,0.0881582540102643,1.0426970435367,0,0
-0.968208009359797,1.35379848655697,0.350422916780769,-0.110362613756452,-1.72244482560067,1,1
0.414933722962661,-0.266806889240174,0.861379615952523,-1.0788930891401,2.21879146314133,0,0
-0.437649997960214,-1.86963041526755,0.291743665516259,-0.893082120789223,-0.963067226350164,0,0
-0.0477062883809763,0.712520098917353,0.0320943464079603,0.122654732845686,1.20984466413386,1,1
0.768012840337024,0.708549433102487,1.25465749895831,-1.19156140646264,-1.1742151396711,0,0
-0.626922077325416,2.03189162330841,-0.244001564136286,-0.189729780052597,-1.50319093740448,0,0
0.103259283098568,-0.687190427850865,0.365463146011303,0.696453196511953,-0.352202944748713,1,0
1.90509533160452,-0.671577939754419,0.0561666313877377,-0.288346287314913,-1.77142274208666,1,1
0.559709911466139,-0.37678363603584,2.12921139388584,-0.588073300089025,-1.29041459653666,0,0
-2.17043722316166,1.57403973757967,1.31448697437114,0.38100481817594,-1.35512123601602,0,0
-0.44511716259312,-0.299277844833938,1.15746077111254,-1.80286601901134,-0.550740356704907,0,0
-0.097254498443178,-0.895235874692465,-0.64031925499697,1.21042674082006,-1.15872140276662,1,1
0.72801145022703,0.71028205367006,-1.14030776552955,1.52170037367562,-0.179095547110165,0,1
0.41553639053849,-0.634051668251615,-1.62321048870409,-0.22388181207558,-1.10160507496184,0,0
-0.209490849135237,0.976985593034689,2.39738812792037,0.250310470130346,-0.259384689357639,1,1
-0.0100108851256991,-0.675235421446214,-0.359183144246651,0.926149551938039,-0.924273105860366,0,1
0.771912906302407,-1.23877129978192,-0.476548422412215,-0.192288610941609,1.36205029696248,0,0
0.8986712986358,-1.53711888789717,0.585621448112641,0.257009853795715,-1.03319853471222,0,1
0.0668308453407962,0.928587192684331,-0.858777127281313,0.452263437565731,1.32078334308642,1,1
0.248409341571216,0.968335654728614,0.994712660901342,-0.627227408115866,-0.199321402758837,1,0
0.668269344645225,0.371280789900964,0.0840481847299639,0.367605333342672,-0.462999528760588,0,0
0.0223157563830106,-0.0219314420891143,-0.75084065032316,-1.14576098836301,-1.54757439217239,0,0
0.104324502488991,0.715291715560422,0.420245833306512,-1.34917368086512,-2.30730690366507,1,1
-1.49964246056064,0.352511050531761,-0.7613658078354,1.31679203559271,0.80928361334076,0,0
-0.698018207052633,0.878284365245713,1.52173507596222,-0.467637854282514,0.253307619638189,0,0
1.31655594186882,0.388744155978997,-0.557112095106253,0.291810935557869,1.62671429820588,1,1
-0.450138030015719,-0.237216235359884,0.182041794422216,-0.49879210629831,-2.50565000321817,0,0
-0.322649417564577,-1.1408530140941,-0.0277910409099283,0.485488096035444,1.36186505369145,0,0
-0.370377307425021,0.800436005453925,-0.819944825637145,-0.0342648334968702,-0.458993927258832,0,0
0.260192440239017,-1.07337306035409,-1.23454427369351,-0.0673010659709749,-0.583522761502008,1,0
1.40330380848782,-0.272731258016573,1.03306212331601,1.45026006023371,1.55473863924399,0,0
-0.576327706192641,0.328645229326956,-0.882947667817869,0.746187023223602,1.05623436054255,1,0
-0.768569189152285,1.22163043227412,-0.162481928076117,0.641382141097255,0.522707775092365,0,0
0.445359318644096,-0.515297883702346,0.313879203080037,-1.09301320953454,-0.116199795557527,1,1
-0.345626738147916,-0.512019129420483,0.489684175710343,0.185593162884421,0.13768966972821,1,0
0.431838647966953,-0.0873831585123933,2.53488356303312,0.670274647604012,1.37374660321896,1,0
-0.263379587664141,0.0147913727792589,1.1865955370154,-1.48428461894294,0.981672944583575,1,0
0.600812920428794,1.47614058062561,1.41821065511153,-0.11487250742169,-0.237011972429366,0,1
0.305269155773322,1.01224120836747,1.9442227379672,1.54427174984523,0.817512891045229,1,1
1.13013999394014,-1.72506236252566,0.400508412135924,-0.687137780305159,-1.43718788072123,1,0
0.150697865164377,0.523909631457392,-0.403500775292266,0.641757824884337,-1.05649721059883,0,0
-0.143677659823448,0.684657925681526,1.75286849399071,-1.36205544099968,0.475579976600558,0,0
-0.311980752739394,-0.123591027904766,0.910792118552042,-1.40703786857196,1.52714080804045,1,1
0.442822306452421,0.471532913008711,-1.39075820897531,-0.717379250449074,-0.375683249625163,1,1
0.480610236428666,-0.252035321586464,-0.159155394841919,-1.25169515426153,0.0322581914373527,1,1
0.0182414604823795,-0.794888829648437,0.108301557523959,0.705803049301726,-0.537123353113632,1,0
-0.386514468154689,-0.211665177131777,2.05125580162051,1.29213252469697,0.51003807426151,0,0
0.380073694910936,-0.0146803511900166,-0.470730106736942,0.939716992148134,-1.26626974453001,0,0
0.945319066040928,-0.866240668949472,-0.317072305015223,0.196428554509525,0.246514251719653,0,1
-0.780536324849246,0.788810349406158,-1.97210968598372,-1.72119992882762,0.946342194021285,0,1
-0.937425748707972,-0.94993350454142,0.0183531372156488,1.08863272697008,1.20871574462659,0,0
-0.404747668442825,-1.5529106240362,-0.0905053415289786,1.24265317145563,-0.7409017990653,0,0
-0.771540701715088,0.166425927880652,0.758770541670339,-2.38490997423642,1.46933607687452,1,1
0.650807304176197,0.362679206252216,0.234036974090282,-1.19401728011777,-0.114352984686412,1,1
0.133613754875171,-0.679081763974302,-0.551300070033996,-0.355007946648303,-0.85869654385638,0,0
-1.51192957373853,1.24682410869891,-0.0863573450096918,-0.462856448020794,0.0587144025193113,0,0
-0.408211958552101,1.18623744636755,-0.821095118550953,0.23709382797946,0.901360913546698,1,1
1.89028376281633,0.466478860347684,1.19779316201999,0.644502913684677,0.742908254046055,1,1
0.519829125666787,0.13503765815301,1.10095642573875,-0.777174059682176,0.134804913784096,0,0
-0.121216090582146,-0.756848874296357,-1.28102240282053,0.13801094678982,0.505954692351267,0,0
-0.267810410114778,-0.657818213597722,1.69346472843017,0.425578174143642,1.44454238051892,0,0
-2.97556836466898,1.08888485660841,0.123412968391284,1.07347786076676,1.11504420829408,1,0
1.55866007786261,-0.167382708006426,-1.37420852947348,2.02781884172816,0.986543763379494,0,0
0.215041380938952,-0.832965945506565,1.9408074416655,0.554216663813748,-1.4664219278901,1,1
-0.230315352928215,0.858672820171039,-0.814564984433635,-0.0437600048460437,0.797456829804529,1,1
-0.952495419850427,0.422276187624187,-0.109356722081598,0.600163759038497,-2.18879760465036,1,1
0.146660153411485,0.659167182341896,1.15294822932355,0.53094547986116,1.21959145020569,0,0
-2.18472413247833,-0.598486332719492,-1.18968442996773,-0.375356125057398,1.49224100946861,0,0
-1.65318973901736,-1.38258219063024,2.44269744837256,0.581829765107441,1.69695599389589,1,0
-0.25072296187632,-0.477310772384798,0.628648985367079,1.00969113934073,0.62851117353947,0,0
-1.62662114278137,-0.169520483009773,0.532983620767335,-0.950983143428894,-0.114618528846342,1,1
-0.747330268911554,-0.88689615480528,0.679597916357834,0.231955333875279,-0.491086587515507,0,0
-1.83898900788227,-0.294673136518405,-0.497666515367142,0.103050229006737,1.11414957736784,0,0
0.427788990474705,-0.538593489860259,-1.41025036726423,-0.501590741070469,-0.351998804642963,0,0
-0.487930214528391,-0.548924675684808,-0.140460271576828,-0.73339415049371,-0.0641453473664584,0,0
-0.5963494033952,-0.342040762877683,-0.73354048607212,0.481523054703555,-0.687978920713453,0,0
0.0199960828642414,-0.0397478449057012,-0.39324417201434,-0.929039866975918,-1.16638106476138,1,1
-0.128559959076919,-0.142816762568184,-0.749118480868477,-0.868306738407495,-0.698151199477831,1,1
0.98234195756564,-0.986834825019257,-1.41696932515241,2.5233983279535,1.94433053969515,0,1
-1.789104608463,-0.0286890405032156,0.835171239543188,-0.181518769244826,0.656152493969203,0,1
-0.652336038965663,-0.303084325716812,0.335602661767386,0.113273596503677,-0.457659966750248,1,1
0.390725593421901,0.321689722469714,0.0302513843704965,2.50189680768402,-0.694455469476924,0,0
1.71712691763133,-0.874993295263891,0.102030985227897,0.448058088950229,-0.0213646141565337,0,0
-1.52091922523788,-3.00425335220821,-0.652099925622286,0.405092271145019,-0.235760845711355,0,0
0.498086211475128,-0.361548565429654,-0.530339102660387,0.649677512761613,-1.02404964560884,1,1
0.367253120583238,0.672005125383074,-0.4508090247869,-1.72654622029209,0.939740733757584,0,0
0.798301515619933,-0.415486040518481,-2.24941250614993,-0.865666248764082,-0.517368901252569,1,1
-1.72446239817376,0.410510063581927,-1.71760906395989,0.748432230163566,-0.992914806088574,1,0
-0.259053571587472,0.737209854206707,-0.118653929537235,-0.0448491813496515,-1.2653225878689,1,1
0.742265037857375,-0.223802167951128,-0.260259697801728,0.160900996679248,-0.259776648578356,1,1
0.592625760903065,0.985132518673796,0.950965754392162,-0.11666538423145,-0.74763828941166,0,0
-0.663942961512827,-1.10330250790013,0.224743266166635,-0.113297802020373,-0.44435877448491,0,0
-1.28545046066738,-0.202686585612328,1.43926393141351,1.09604875827448,-1.32028592014108,1,0
-0.145665091650912,0.0286215017011113,1.04394028700247,1.52353129984647,-0.526198313560399,0,0
0.715375503316907,-0.00748403599921104,1.33245144214128,0.388052489452293,-0.0569321151819245,1,1
0.890003340724102,0.171932999571782,-0.872998052144875,-1.42480554860042,0.202357124482676,0,0
-0.934051904195734,-1.24864091621968,1.70669212927487,-0.271690373877084,-1.65373022009936,0,1
0.653326842848927,-1.04016639529299,0.94096402537382,-1.11498877383179,1.89147967884282,0,0
1.07492818344136,-0.0835338597074095,0.0657933987179404,-0.542388052328932,-0.310561768139537,0,0
1.28028561137355,0.253133370203558,0.877927869920983,1.51848262379338,-0.222364977307267,1,1
0.427753470100989,-1.25267109380543,0.244741693638056,-0.784941516936349,-0.733902979728087,0,0
0.135869268336397,1.27461871910558,-0.892801860488411,-1.12282822214482,-1.49486443871829,1,1
2.15383836719976,0.219961332994872,-1.11362322406623,-0.0771103311373837,0.315380083588439,1,0
1.06726449008782,-0.916871254582193,-0.602223234459928,-0.407088108616846,-2.65614633056677,0,1
0.015135158271237,0.770671010945399,0.457966498265836,-1.85124252698522,0.426598450871657,1,1
0.985269625442916,0.960972623816385,-0.363478637837357,-0.244886294348091,-2.31285850898628,0,0
-2.11031871314589,0.625683854351265,2.21202649124037,0.148782118866528,-0.153663462449742,1,0
-0.419726317632024,-0.00225232178912536,1.99792824834532,-0.656820217802607,-0.43705132460379,1,1
-0.577124057892637,0.985998934514319,0.0959040802473279,-0.864519442787179,1.58356382061127,0,0
1.13836965964641,-0.50176286952948,0.411270028126932,-0.0826857470298905,-0.868119499811373,0,0
-1.46725684200852,0.303331695640488,0.537813848401514,1.13738723863106,-1.07427474233495,0,0
0.98954266552526,1.29510550874394,0.0816365029864102,1.71619359659436,0.629273943926469,0,0
0.780580967212414,1.92090927903583,-0.056397937149582,0.405272518007935,1.71937331640849,1,1
1.3374447001972,-0.311602864376334,-1.1358535735599,0.301025751088189,0.29582457301674,1,0
0.0451900319625362,-0.592383371362548,0.449151200405204,-1.36226760162983,0.306848230937376,0,1
-3.50912405191789,0.410324244307202,-1.27589185282927,-0.340586558833121,-1.45506646522389,0,0
0.410474530643975,0.200815939171327,-1.03737864608494,-0.698681825531164,-0.276989952614452,0,1
-0.593873557444368,1.34861149880067,-0.270965395734832,-0.819050431729446,0.46152703022923,0,1
-1.5999869144255,0.514156877426218,-0.309947000804291,-0.426214445343874,-0.220683817962294,1,1
-0.34849556480161,0.874454853609827,-0.485466859017301,1.17389101953484,-0.136467186301632,1,1
0.529302768612408,-0.809277914334944,1.1187285459426,-0.154893672840179,0.0308838895015974,0,0
2.9022168807654,1.68901294301253,0.372437201453459,-0.839505451911723,-0.668379889212063,0,0
0.735115284683627,-0.180641147909258,-0.0199059074310591,-1.55145166607727,0.288356283463852,1,1
-0.432182961736443,-1.71274919762257,0.872504608254347,-0.0420223476360519,0.287030087986894,0,0
-0.494794892190532,-1.0391480325365,-0.518852790216635,-0.269055861793191,-0.386852314491399,0,0
-0.189558378029875,-0.418865941969768,1.60042040183722,0.260638194108591,-1.7442799162588,0,0
1.27719115014933,0.0559511958856831,-1.44590331497736,-0.152889489256277,0.0652548895382366,0,0
-0.384218489177647,1.05593889226796,-0.135881621732307,0.798806561557678,2.37234018199289,1,0
0.236020014438598,1.88515885057618,-1.21345705494289,-1.59594174570975,1.01723015983559,0,0
1.6291468081825,-0.419202561113272,-0.53262691279406,0.355161537282413,0.437397802144928,0,0
0.546718370061624,0.521200437747445,-0.0212155324942861,-1.29952718356137,0.641945191831837,0,0
1.31910137524793,-1.13006073579871,0.827300561392524,-0.814146943586462,-0.0179624688089975,1,0
-1.617216980757,0.369448508361635,2.02929781506399,-0.495347284172335,0.0854799265521718,0,1
0.785245454075456,0.0229845208100779,0.0313260096341473,-0.329949791414076,0.232335530632203,0,1
0.0451095104288286,0.334066910481987,0.0940492233137604,-0.133508206925099,0.371223955301462,0,0
-1.61694986204795,-2.05748008279163,-0.548090175239311,-0.891685998521133,0.987825990349593,0,1
-0.0486175314686756,0.705450514040437,1.51490499009191,0.784751406952658,-0.779183168659188,0,1
-0.438395633083716,0.847494470093918,-0.820304895417137,-0.685075554724242,-0.41437693199573,0,0
0.15556363787089,-2.60663296638896,0.184462809197015,-0.724492390864167,1.11947417455917,1,1
0.927866158968008,-1.04187495503433,0.323029617808657,-0.555151785009342,-0.593181853950028,1,0
0.385782939492408,0.267775022104624,1.26475265169594,-0.390654567909762,0.0439436090698031,1,1
-0.821401284998457,-0.875899456581882,-0.0628263857509544,0.316817272143904,1.47536058556748,0,0
-1.20689484282175,0.874983354802319,-0.821526698138571,0.4182657396553,0.278632363249315,1,0
-0.198442293004617,-1.14486283417083,1.19796688541229,-1.54931085332461,-1.280147876676,1,0
-0.307575629151437,0.607397610577659,-0.186681746756952,-0.554399921807819,0.865173544248421,0,1
0.551829928270235,0.310577123573019,1.30826550785319,0.874475179040882,0.378002104844987,1,1
-0.841953525233829,1.05573402760343,0.552761776224228,0.530466410973918,0.923201027705966,1,1
-0.999289437422649,-0.802012036138895,-0.28006714924426,-1.17974908874522,0.164070698823312,1,1
0.566784416423876,-0.642841950504366,0.248016539703258,-0.509056077677649,0.494677978608527,0,0
-0.602255754099092,-1.60591409988009,0.0274467239664424,-0.871514675586971,-0.370410895292024,1,0
1.06212813999691,-0.446821413934382,-1.15045825331213,-0.867219070152034,0.570392501300285,1,1
0.161291156961717,-0.130164878572491,-0.0413052098646319,0.387829473493098,-1.01100440843047,0,1
0.628437352045808,0.0224163075074487,0.291428538998369,1.36391516116802,-0.0254169023564775,0,0
0.52340060201275,-0.192440841043518,-1.26881557384254,-2.12747926817562,-0.429678472407205,0,0
1.61593404592954,-1.09616207911927,-1.93097032180029,1.39194619927377,0.821516106383829,1,1
1.38853787692904,-1.53859650361059,-0.787408807190878,-0.0656475916930571,0.671792836756661,1,1
0.654114110188148,-0.809493131024952,0.259325390279369,0.940976289308373,-0.788864872003128,0,0
1.85877131393118,-0.892927199865062,1.43983551902608,-2.05895771129476,0.814014154744891,1,1
-0.305581781788033,0.897498609001286,0.813475367142334,0.301506590191403,-1.06619697083976,1,1
-0.924245497784089,0.712701624759344,0.491687067904756,-0.451089005003439,-1.8535566038845,1,1
0.913576583538307,-0.101655358310319,0.0532879043947565,1.50814555518817,-0.140962934588684,0,0
0.465339403196335,-0.834922145181558,1.8232356774025,-0.299727091718158,-0.11599223468378,1,0
-2.06775424158247,-0.00252532755024157,-1.04183434568275,-0.33421269511837,-0.574521734994544,1,1
-0.203399748783981,-0.306432122792549,-0.531364095551113,0.956458962608177,-0.775173130569261,1,1
0.148873588004447,0.355711557841899,-1.02080732129852,0.674417411287551,-0.0601083761649765,0,1
-0.794011432543578,-0.604112771669766,-0.190327915014853,-0.342062116751835,1.62794215100891,1,1
-0.932175005988955,-0.39902723564202,-1.00354245747877,-0.3315544003909,1.2590206447053,0,0
-3.04945175757852,-1.17768038384896,-0.0483391568350741,0.781071322909087,-1.11061566491791,0,0
-0.45480755612314,0.255701427186505,-0.730043321501797,-0.576345477838316,-0.105869491186622,0,1
-0.763405593585062,-0.286145695359538,-0.0638402809102702,-2.56749021638664,-0.648797570389524,0,0
2.15845905923628,1.76177434664972,-0.888895965439243,0.265357105606646,-0.114177925785105,1,0
-0.619989262732584,0.75758652418367,1.56301030607424,1.23556679489178,0.0476269764702839,0,0
0.549024444487668,0.956975002322504,-0.599406541710635,0.585352556313315,0.0265455532891917,1,0
0.4712671207824,0.908818633578508,0.369108180167669,-1.77025123672109,-0.371113466457787,1,1
0.693366222330251,-1.07613130550261,-0.0938184775621889,-0.0483622165251197,-0.753793930395396,0,0
-0.272772913980843,1.14112088343863,-0.120743174739355,1.29189453246755,0.748374151826314,1,1
1.0221702163804,1.806500667739,-1.01758146654639,0.643946450851233,-0.234932459726371,1,1
-0.825008455958459,0.263059391941087,1.32117068132987,0.365781980559991,0.536896404596778,0,0
-0.317474983891238,-1.44007893690061,-0.179543888501192,0.890581190170773,0.915614061764351,1,1
1.21731706637567,0.0441797539888692,-0.779256083863446,-0.646139656355126,0.667010875838987,1,1
-0.0121075097439683,1.96545272792387,-1.29139954580362,0.0786536600639914,0.927800799344049,0,0
0.467851717886355,0.425185055902765,-0.0702948489886966,0.0547939171985685,0.38588021153368,1,1
0.27615921278674,-0.126513974969183,0.560916576395809,2.13244949931285,-0.00565373950283144,0,0
1.84448703443412,0.288442340654847,0.46170566317894,-0.346447369637457,0.534744865020259,1,1
2.04888608218474,1.23269883584693,0.991479836022423,1.04938313416777,0.0478021690543701,0,0
1.71206658466833,-2.05081374554955,-0.896884209910904,-1.58583384905491,0.344133596418192,0,1
-0.887250245065391,-0.644666324424482,2.54986750727609,0.278668207287866,-0.983982895300955,1,1
2.30497083562944,0.241094600651052,0.17003566836888,-0.701903858107056,-0.354644729666232,0,0
-0.138995553165717,-0.580634557814713,0.629375588749386,-0.306066775751696,-0.018381559791239,0,1
0.31234850807592,0.699008672322216,0.836355508396743,0.0328305272747137,0.817054695465548,1,0
-0.143247097586882,1.28043469420072,0.38631510120971,0.88618758928846,0.666247973892246,1,1
0.171229613730682,-1.42094669992613,0.2672959132225,0.917833013743574,1.19139992494045,1,1
0.288141669197308,-0.486928773693687,0.647995048461331,-1.76965932678491,0.683646637292842,0,0
-0.811984693222443,0.314315800857978,-0.156410792324623,1.17845945644931,-1.25786439507912,1,1
1.75212188686871,-1.5159919709823,-0.523985920912595,1.79693388314845,-0.80968337098886,1,0
-2.14581375697993,2.27665068014535,1.52843668646274,0.100236214829135,0.0349396440176318,0,0
-0.595297987568893,0.781482735922532,-0.202998414882719,0.924311363147178,1.16630041512949,1,1
-0.247967300877557,-1.44807545023138,0.0367309471775298,-0.163251327812031,1.66152121509538,0,1
2.11117011079064,-0.411877183098949,-0.118998344872422,-0.0824468683357148,-0.646186713080819,1,1
0.153201536471479,0.0960800237761777,0.0948114984847652,1.0476594679093,0.386509130071022,0,0
-1.29182759136862,-0.219992332015543,2.0399405258217,-0.284091859847228,-1.36615924003003,1,0
-0.203167809227946,-0.742636969778035,-0.658005846748009,1.00942904934012,0.43389843998738,0,0
2.38049879648543,-1.29126866600988,0.0475726902757421,-0.920628123880639,1.76405930411008,0,0
-1.47960348330615,-1.05726957977099,-0.0986984809607557,1.37018134409407,0.685155396495503,0,1
-1.06507498692372,-2.0512318747932,0.145523087352985,-1.04235421063009,0.841564769426389,0,0
-0.56927768470906,-0.376603900855435,-0.169748554219862,1.97292022058912,-0.850826156736296,0,0
-0.693067200384351,0.610508253904182,-0.475343587999818,-0.146043353475064,0.398490036337486,0,0
-0.117269624292422,-0.237623853830303,-0.0168890677628716,0.415066007120889,-1.10365578843532,0,0
0.813079349591301,-0.674500090860232,-0.0648801915520611,0.725225641253014,-1.54044790245007,0,0
-0.896817140419727,-0.64893616836136,1.60354700749522,2.80454744154597,0.20234954730292,0,0
0.459525720711788,2.74635974780228,-0.226885214550246,1.82909918926554,1.04894150992531,1,0
-0.245804645497233,-0.566682535327849,0.0667740277660596,0.387443695080469,1.76497551048188,0,1
0.393938721567342,-0.426908637095784,-1.29722115687041,2.06074012961396,-1.17713636240215,1,0
-0.92581128030101,1.40724298089809,0.0791397221463627,-1.22901943369943,-0.289791574320558,0,0
-0.739106312174292,0.879168984799041,-0.0583217589874922,0.00336067138862121,0.651975355109795,0,0
-0.485728965731197,0.368944625818475,0.121775675517473,-0.142031738826156,0.0750280088923221,1,1
0.298006845153827,0.469180467426126,0.960091586842943,1.7655750949614,0.680365702783504,1,1
-0.816721763644107,0.0503520883741903,0.717214389797924,0.702772805829836,0.492630042375261,1,0
0.866933983987298,1.07890088025495,1.85631861343254,0.387590560339895,-2.73659298081738,1,1
0.00797835492950052,-0.285305479794034,-0.384678885676318,0.370257230656035,-0.227924345768432,1,1
-0.916724405560992,1.24736567011093,1.75873699971136,-0.223373204742371,0.466093840289977,0,0
-0.828739155208223,-0.475045849357248,0.418308291816544,1.680680543156,0.606424012694533,0,0
-0.897561712321779,0.892957893350707,-1.05007157206292,0.000280625419335376,0.789080613070018,1,0
0.337631705549016,-0.248801825814272,-0.271209272242955,0.308806278392476,0.203402059251529,0,0
1.75669455389687,-0.154872504627029,-0.368571915612856,0.288846258142184,0.472184301323385,0,0
0.337824393368709,-0.0397798866416516,-0.291946094262214,-1.02429657571453,0.00222327619354788,0,0
1.44190359250894,-0.112556107295122,-0.0805632240327379,-0.351059948515856,0.641381230907439,0,0
-1.12096048960045,-0.073908778415672,-0.814816582387325,-1.48872424047165,-0.951121981476928,0,0
-1.38255791810585,-1.28826653335758,0.339941503344266,0.0669771285188088,-0.46884936695148,0,0
1.72342130501065,0.487473252035994,0.618799805049273,-0.669195498004429,1.63186349643509,1,1
1.26773698156892,-0.242950970896573,0.989611112725173,-0.648674466193248,-0.339239496825163,0,0
-0.196185725496033,0.0222141320410431,0.607857790354409,0.593289708504769,-0.507088977877115,0,0
-0.609825256450704,-1.41677663905944,-1.81278004999404,-0.485140424394514,-1.09029960812475,0,0
-0.840710366297923,1.23540407810602,-2.85626660398833,2.08788500715222,-0.255310030907859,1,1
0.889858720077345,1.04149290917046,0.11205181844137,0.228065694983867,0.640023727387983,0,0
0.424950788947928,-0.452720182476571,0.388822114460047,-0.909018329852337,-0.958461212463415,0,0
0.969187457018821,-1.8586021052014,-0.155748011350019,-0.176201770587552,-0.358667719884084,0,0
2.73404619531222,-0.222979545214756,1.07810248842972,2.09916332666755,-0.0289876673665026,1,1
0.298814650719361,-0.19791553357601,1.20063114913469,0.709145410732569,-0.616332941220026,0,1
0.708571271803829,0.0515331805910715,0.373796552273506,-0.0112227530221356,0.604580853478073,1,1
0.380584379043974,-0.249618719487601,-0.325464464246992,-0.0368821330395685,-0.356238344239901,0,0
0.714738689565482,-2.52459135823279,0.0142102500256901,-0.374845630860628,1.02703671620697,1,1
1.89147248014687,0.404194052755295,0.613029569067764,1.31024487361092,-1.39641658460129,0,0
-0.400363932798097,0.46828705658213,-1.44367498425246,-1.87490324536869,-0.174304384601614,0,0
-0.544085030675371,0.460522715386387,0.844295008782173,-0.0259909262894121,-2.02974827410361,1,1
-0.0109000255354214,1.31855795527668,-0.687654590546734,-0.101558124407452,-0.282645439653196,0,0
-1.51787593677069,-1.39556594122757,-1.06385473938412,-1.59821943805121,1.47380678517991,1,0
0.293015848400647,0.235570121297101,-0.0827266367453903,0.249257004548016,-0.290893410344166,1,1
0.182764781163948,-0.111584185490913,1.17952221819596,-0.0376387446049314,0.056479173668365,1,1
0.340675926701868,1.23276580938196,0.806865509689937,-0.470168535927627,-0.948525745689891,0,0
-1.20408315111969,-0.0716400663573205,-0.800985971010369,-0.242431919890018,-0.188661797409003,0,0
-0.097000012699883,-2.18672647494162,2.62245510493209,-0.91991672213824,0.252467424580671,1,1
0.35634459301976,-1.31176009358028,0.104383499827272,-0.541456789287644,1.32763846583499,0,0
0.0605580310306056,-1.21504191903681,2.03772353430739,0.748026918144194,0.769110587411767,0,0
0.000871003721032739,-0.816261288708108,-1.89491240995443,-0.628303475419452,0.102250550850488,1,1
1.22829073021432,0.955768116733632,0.605601765181723,-1.00779570866861,-0.756521363514134,0,0
-1.74124960439442,1.07975499365289,-0.891028888003589,-1.19008174701687,1.21055327012363,0,0
0.365778496956914,-1.60659420187321,-1.07630926918521,-0.236681427093819,0.240253411847585,0,0
0.27890552204304,-0.36238541629477,-1.06085006832049,0.666723453336671,-0.44997685449143,0,1
-0.0340464458332898,-0.247095208176375,0.110738672873401,-2.3923996569384,0.782028887146856,1,1
1.13755081739101,0.203607426549318,-1.19044627708913,-0.320939418591883,2.06040218767052,1,1
-0.428927499401758,1.55528271690513,-0.303647177092065,1.46823985536936,1.07756230723742,1,1
-0.953845832049575,-0.188608748913966,0.718216845353249,0.814146139902364,-0.475318041332673,1,1
0.530897293450541,0.878977819791711,0.697295794261396,0.634441120629932,0.0198987350255014,0,0
3.30142302992291,-0.138332612212346,-0.865999677853742,0.778879476313864,0.218291016079516,1,0
2.00754298737738,0.52441683091749,0.554437335244104,-1.28831565901897,-0.778257356558419,0,0
1.06712615913629,-1.25470466005952,-0.922424959957217,0.782313174909505,-1.30519736619005,0,0
-0.159440381036121,-0.515969259618364,-0.209357569533305,2.39460028960206,1.78927494501074,1,1
1.49940599835777,0.123725183889635,-0.791383248337132,-0.462022260353014,-1.4231904056305,1,1
0.574359787074393,1.62896228734082,0.536852307748845,0.019174434606176,0.432447379627364,1,0
0.54802170614892,-0.0217473233502977,-1.16930989309098,-1.02789401993541,0.368008667361359,1,0
-1.17213274216848,0.202347946510948,-0.178384729244488,-2.36729411486916,-1.72394874479142,0,0
0.917828578032026,0.885287829545943,0.235010317027564,0.610417751548427,-0.489165222076412,0,0
0.199952664715838,-1.06532465521403,0.146610227256117,-0.13963623061564,-0.434576026834057,1,0
0.208381894461814,0.109400374382508,-1.04696403339925,0.937717777208543,0.327051282699365,1,1
0.940947440407395,-1.02373321740479,1.0035867227315,0.725244995019285,-0.966020700303525,0,0
-0.396166971056001,-0.537771983743651,-0.0284218543760235,0.909324617281684,0.457664048496789,0,0
0.392782512602298,-1.03389517530058,2.03456991640184,0.105620951692041,-0.449797666473536,1,1
-0.174740365077986,-1.45551748366053,0.853887614473099,-0.664816121045603,-0.197898387371997,0,1
0.38677703407256,0.802947384849681,0.27025294441146,0.666483134826649,0.730632798756979,1,1
-0.968923711394002,-0.695684716068773,-0.395543005104158,-0.410540371424958,-1.64824050541632,1,1
-0.34612790817684,1.07159261996674,-1.6150665548127,1.66947067030453,0.955251497311391,0,1
-0.0814731454648769,0.0315434806054186,-0.33040933063427,-1.10228564687183,0.216037271393323,1,0
0.313090290708958,1.89898562374876,0.734397799104344,-0.064841167626992,-1.30054359081444,0,0
-0.31480465301158,-2.00683460252852,2.1070709859469,-1.48262154206843,0.132234878785476,1,0
0.181099584491613,1.95382263291665,-0.927048243590273,0.940438917021388,-0.150881401832329,0,1
-1.44579280694325,0.312934759588812,-1.00974738928953,0.530911910519193,0.320402288242625,0,0
-1.85794104424066,-0.326284176606503,0.795447678314166,1.17827529684999,1.40554373688413,0,0
0.846088092611884,-0.42926096430151,1.32398799623336,2.04969634507576,0.409733483283229,0,0
-0.952641489417046,0.185069544332801,0.876039769474849,-1.20821529961545,0.939934956960552,0,0
0.215388375292843,0.589605852642111,0.685503028312654,-0.0381670679255835,-1.36303618167396,0,1
0.86359624234816,0.536206429376752,0.25106298408207,1.3184608465244,1.1841717955914,1,1
0.562881331653881,-0.280719076697148,1.51805067385338,-0.853873749260096,0.570261533373005,1,1
-2.06698139819109,-0.933243420052596,0.240336845284677,-0.107435645498006,0.613470939517408,1,0
0.942225533638199,0.876317348579951,-1.15104407018302,-0.21898907465855,-0.19561204830313,0,1
-0.0250812826822468,-0.245379300665073,-0.647898373978935,-0.999469134969326,-0.262348154713983,0,1
0.237222987954811,0.6809264296596,1.51873656935307,0.0177912252469846,0.552876611804391,0,0
1.46893347781653,1.20969378334536,1.01160807345319,-0.232640404232703,-0.706285256265134,0,0
-0.770044408453482,-0.409213999873135,-0.354322151936967,0.23865266163026,0.531889452366591,0,0
0.151256018662802,1.14874455371697,-0.805458146268652,0.478006193829013,1.60808220991611,0,0
-0.35301267556232,0.632347994025003,0.413316635088014,0.0145326641709437,0.736933761949872,1,1
-0.238207088626929,-0.287741221384883,0.520447520828345,2.43823310181547,1.51521813358018,0,0
-1.04277606201086,0.284707604686517,-0.145624015592076,0.606927368594148,-0.835862602263728,1,0
-0.677147028785795,-0.258984800045783,0.349007242882827,1.62652844618703,0.180525986993739,1,1
-1.66676073980824,1.70226335772269,1.05048539122303,0.225308382716279,1.67193496524708,0,0
-1.01510619977413,-1.24969658223998,-0.215656587072695,0.337325559753285,-0.199077858623368,0,0
1.0750154972181,0.311831388337039,1.00666977981829,-3.02837423734685,-1.41075818326021,1,0
0.40350850341017,0.869412602408658,-0.542611528027149,0.788099474556316,0.426462259567857,0,1
-0.399621735027247,1.66591961841022,-1.0035621352798,-0.922157190912496,-0.209815492409079,0,0
-0.644446324818778,0.559557990534668,0.359192418232572,-0.842296480694042,-1.41956852061775,1,1
2.41090584106495,0.250871538163903,-0.40752185270488,-0.52529017667788,0.749924015039752,1,1
1.78193848804854,1.14251205730577,-0.315399374821749,-0.462823513968777,0.0513916432959042,1,1
0.472957609509657,0.453858837884895,1.23394016473367,0.35517331613434,0.584210450555261,0,0
-1.72701099273789,1.41262908683212,0.295406354576215,-0.647380765942257,0.902139216633389,1,0
2.02443902589392,-1.71562193400772,-0.0701289628617401,0.167648543526622,-0.584244663569769,1,1
-0.370336861889481,1.63107239149889,0.330471315429624,0.205506131923451,-0.812882099909432,0,0
-0.0590860187115519,1.02962262309054,0.449093500254495,-0.211547698496509,0.347764200062807,1,1
0.552717075072302,0.0903613091579565,0.11522520977221,0.476206503426505,1.1459291777348,1,0
-0.754226668221109,0.452067959138632,-2.21152503085197,1.19368669453771,-0.204544836564463,0,0
-1.65700045055268,-0.676341871257154,0.882712314571149,-0.963429466731704,0.392226287416848,1,0
-0.0544084911004398,-0.294529229742655,-0.483424768880396,0.0501125183151551,2.77866999258111,1,0
-1.49843713929422,0.610969201763569,0.59695543569184,-0.201244709512688,-0.923533290915747,1,1
0.795085873726016,1.53459951800057,-1.36353040917145,-1.3056001721526,0.467431666429473,1,0
-0.58713883784893,0.0031651449262248,-0.101917994388272,-0.609946489759224,-1.27938135156081,1,1
1.33706076878709,-0.0955729230896441,-0.451479255239078,1.01096697427553,0.00583455996390822,1,1
-1.11388230474053,-1.0975262831085,-0.88817662219587,1.88155299485207,-0.912539702680061,1,0
0.240605876954944,0.694848864777049,0.580274468375763,-0.786962809715561,-2.2732519216167,1,1
0.310439218993299,-0.707937896098934,-0.34302580410948,-0.696838391996153,-0.525028046353984,0,0
-1.33082787028087,0.509179359242809,-0.349421155676234,-1.64246291209847,-0.945867640645183,0,0
0.941665552142829,-0.425091615215001,-0.646659689813564,-1.91911938641076,0.609973243998014,0,0
-0.67757649922504,-2.14606075297942,0.222828042427464,0.519325916172742,-0.791469163529577,0,1
0.146630949976159,-0.917858788859804,1.07141923098368,1.24994562462448,-1.31153919126684,0,0
0.153174803283404,-0.952019960082821,0.558060289203942,-0.249557372187428,0.65838522172819,1,1
-0.261616785483374,1.0350950848871,-1.19020291360222,-1.11478277688411,0.185363415853412,1,1
0.363667538576222,-0.516055703279654,-0.58293367880634,-0.565440613177497,-1.15657261461492,0,0
-0.208263933510947,0.698757267253681,-1.18765854822166,-0.815007625051066,-1.69801270432148,0,1
-0.212188108806674,-1.03684210127418,-0.847453247034176,0.251344480354782,0.318336218739338,0,0
-1.73435978028093,-0.406384906870304,0.708883522953377,1.67824274241341,-0.462602436136,0,1
0.903066479475539,0.0124359066698493,-0.542860981785493,0.372300659186899,-0.160221804620547,0,0
0.313195360512281,-0.695798990541916,-0.625662610884869,0.939746085490414,-0.407412335709598,0,0
-0.700355628584571,0.153540984461361,1.96144993334876,1.24553462417852,1.35953620186463,0,0
-1.3291355647187,1.18206757986177,-0.0595731597419205,0.513044754772781,0.371734353491474,1,1
-0.122430928366562,0.906513954104405,-0.457248344294895,0.199309863497064,0.429620154386808,0,0
0.835546063522578,-0.551772824487638,-0.477987482560198,-0.219078127970996,-0.0509224768825086,1,1
0.425167886005108,0.3952441267389,0.198886671909329,-2.10828356802032,0.276868252193375,1,1
1.60257185340398,-0.0217057774156877,-0.0280595366164711,0.992635341396866,-0.501270724875912,0,0
-0.714499935300285,0.0503930853775141,2.11541762664429,-0.853647635621959,0.0748316805357003,0,0
-0.774825340026056,-0.767555558133049,-0.849240185847022,-0.68354346414233,-1.39358328741568,0,0
0.1207633115622,1.0960714475775,0.403424076886338,-0.256699629299082,-1.94845791587577,1,0
0.366757226591149,-0.295082913158025,0.233102735250938,1.38319717040893,-0.667175198349793,1,1
0.767637076579849,0.103197506339649,1.45587343872636,1.49519789867167,0.180781206321188,1,1
0.81009631654581,0.507620638654568,0.720163032179035,0.568521056276906,-0.127669247030911,1,1
-0.719913090254636,0.996579584301922,-0.137683690038622,-0.927546227353337,-0.139439255811654,1,1
-1.84248645106355,-1.02837952064615,-1.25030250623679,-0.701403903268659,0.978449380381775,1,0
0.120116479201866,0.683542278772274,-0.311141813966604,0.416092873018971,1.00379993110395,0,0
-0.393547908812979,-0.00789195082375026,-1.95458579359767,-2.17398203416154,-0.563607374070712,0,0
0.948647428149554,-0.220008149002444,0.245993358750136,-0.561696641210023,0.351152962097061,0,0
0.0242687238769882,1.06825091530565,-0.319839231332707,-0.254401309145376,0.209743557580442,1,1
0.188843227198279,0.852175522727484,-1.03429547658568,0.188815678653402,-0.313588298026619,0,0
-0.523372646644923,1.59019472801876,-0.674813792359881,0.188482686983035,-0.289205381093125,0,0
0.993727410152274,0.621137025355728,-2.21693192680625,2.32211144945937,1.39324639334709,0,1
0.0835400311498499,0.521239013056311,-0.413168186501875,0.758612644844351,1.58745586902338,1,0
1.26911336737098,-0.933152401256727,-0.872540712965709,-0.867973882933275,-1.08881579686557,1,1
-1.23412043640888,1.29169341679043,1.56428661462338,-1.12024952640209,0.779712782419452,0,0
0.557395667775585,-0.474632032313896,0.0122869284411028,0.431379015535471,-3.02140203323147,0,0
-0.725212766664507,-1.66895455543469,-1.28136423246613,-2.04566308049841,0.400640040323239,0,0
0.973123352829695,0.604571110347291,-0.696540186991166,-0.552682758075223,-0.603353198722035,0,0
-0.170102052061891,-0.278788541031016,-0.462329252345068,-1.09925119378288,0.975945732255615,0,0
-0.170889658348075,0.671585101883788,1.11164672745216,0.7247980269983,-1.1706212943562,1,1
1.82960852123112,-1.49678531749764,0.120336088793658,0.384654646372136,1.40244850233056,1,0
0.683928918378769,-1.07664630594935,0.864034476137735,0.723822372162346,-2.25402792703317,1,1
-1.16201623381908,0.0875569251372281,1.49874923200368,-0.360154627261505,0.956308889726235,1,0
-0.139620163503295,-0.470331204681865,-0.101930881121856,1.25423749365983,-1.02489102705715,1,1
-1.70903278098899,1.49164769425889,1.08484196551512,-0.472996759502076,-0.293867632313631,0,0
0.827238634011929,-1.28336341503504,-0.939114947076121,0.449549275835153,-0.228154961669361,1,0
0.2165287751822,-1.08088994521454,-0.224690136305644,1.45591229532832,0.98188818248757,1,1
0.41058062592371,1.20724237856434,-0.128033620864681,-1.21382561636425,-0.42769817155823,0,0
0.55779445563888,0.310658819783646,-0.972279900637138,-0.387839887924171,-2.18128670862194,0,0
-1.61413426176552,1.41860646477232,0.515229100705941,-2.09315470400656,-1.05283232603131,1,0
0.89043888579724,1.6260448400689,-0.378962944627331,-0.260444732945896,-1.25763790737792,1,0
-0.551817769367397,-0.929272456852019,0.383942702390335,1.43137624267126,-0.799393700049232,0,0
0.692130134109854,0.105126125523785,0.153489538578115,-0.583019479049523,-1.23115130934861,0,0
-0.129403301475516,-0.98568027421834,0.408343746278063,0.264344601890153,-2.10090275139168,0,1
2.10771779981636,1.06271657125156,1.06497770122802,-0.902481762893632,1.28941297196368,0,0
-0.756865056720088,-0.535382197088036,0.0423521187060875,-0.194145705923969,0.535012575064175,0,1
0.927509249126287,-0.632272742992611,1.72071360568487,-1.10192437129833,-0.785227265340759,1,1
-1.16649038367261,0.236741850014481,0.723523081940649,-0.503304258562459,-0.645659555529812,1,1
1.01577598523597,1.26389451824801,0.554418602879114,-0.22498991875248,1.07479045352805,1,0
-0.675013957247541,0.540447437075298,-1.58568927238986,0.392973249648825,-0.296166689835371,1,1
1.90189860992107,-0.945410496814372,0.0280104986287272,0.919110333255977,-0.664020827145528,0,0
-0.890100678343718,-1.05851933730454,0.336043274704345,0.465809706019464,-1.29953295745609,1,0
0.587790606990416,0.926924923662604,-0.31725390763576,-0.720286929796512,-0.157768478390356,0,0
-2.03090727363156,0.156056098940766,-0.332993485033253,-0.625641880504792,-1.00960945706892,1,0
-0.49921541207588,-1.04057949308855,-0.0812068684409935,0.844213529726121,0.415106547581512,1,0
0.9712101684687,0.0441002743746515,-1.42065986528757,-0.0863219388532549,1.16231529448339,1,1
-0.821355865643761,-0.262835764263909,-0.74770131442945,1.9129019243254,0.983589525540847,0,0
-1.14505681295783,-1.65904268946711,0.441746421039904,0.166387072563539,-0.423104485871498,1,1
-0.978881224692895,2.79581362555398,-1.88484334356732,-1.94806914625401,1.46356614465783,1,0
-0.103091662661502,1.22485661318434,0.256570685232444,-1.03238009968138,-0.717358643555107,1,1
0.0322081613638006,0.953812875327532,0.665139374391665,-0.285644307887518,0.115084679671795,1,1
-1.47385824723019,-0.628074652933335,-0.100589509553691,0.339702998866502,0.32915290013682,1,0
1.85768354477089,0.0205100976372202,-0.313809491576723,0.656676071925803,0.0248082225915567,0,0
1.60729661006217,-1.55268585981567,0.0962614094472267,0.815987343736998,-0.830290311335435,0,0
0.604956588855127,1.4204268797098,0.56321396605976,-1.34768157094604,0.900239219677269,1,1
-0.577541488391301,-0.367510149830558,-0.1071222938193,-1.55531872739673,0.750367849827215,0,1
-0.552568763083167,1.92536788711994,0.335419620690192,0.00597933433410271,0.547233198952062,0,0
0.47912937640852,0.531521470876713,-0.692480483884602,1.00951158816473,-0.602759057605511,1,1
0.0637180723725703,0.695103655935379,-0.876353621029285,-1.4058738686525,0.298543211884946,1,1
0.138861135923137,-0.98953368839155,-0.64665706690911,-0.556022228526533,1.01613417376351,0,0
-1.56389106764454,-0.269721468193188,1.34264798869188,2.24473098982331,0.212795695335249,1,1
0.43280438934522,0.557067661933182,-0.0278391161096385,1.16023455223048,0.0224393887789394,0,0
0.315879118682937,0.586655245697198,1.35152558410028,-0.0378253795757288,1.43302935455931,0,0
-1.17587751411974,0.708895828242111,0.5382669878087,-0.629643245153698,-0.732642402643504,0,0
-1.4326675407999,1.51412933161863,0.476494321287521,-0.0357576654733294,0.469595087078822,1,0
0.178930691369294,-0.062749557257964,0.702839891522476,1.18429419252878,-0.945442912887703,0,0
-0.308557499079832,0.518432480802627,0.651517925997872,-0.524021586043775,-0.999488127709455,0,0
-0.133555321430172,-1.26761537164133,0.0578150285498748,0.563778763332431,-0.151040672926315,1,0
-0.213157835656255,0.620111867070709,-0.494272933127328,0.745336137071936,0.94581680011345,1,1
-0.608639602541448,-1.86931741773988,0.44468195584239,0.624502932077532,-1.53607485629699,0,0
0.531803786066848,0.0866771227081746,0.460149864335154,-1.24374695977567,-0.624847851548865,0,1
0.92337509755069,-0.414365039843747,-0.456866750316319,1.21517689985792,-0.866744980703719,1,1
0.116580046478929,-1.15250172986939,-0.0859176566091871,-1.1510586416956,-0.541612849328102,1,0
-0.465553472064323,-0.48066378896874,1.51199941062734,0.662132096411924,-1.02974888232769,0,0
0.82733942628414,0.678114385703701,1.75703079786362,-0.219466277500789,1.37510477729038,0,0
0.993029122806248,-1.76453118872664,-0.573788654844342,-1.63947735636127,-0.546183958980238,0,0
-2.01731669879076,0.164590034338287,-0.0555072705541817,-2.2766582621068,-1.74317181974196,1,0
0.269292009270954,-0.32460200235893,0.54604338906102,-0.137628980460161,-0.154573998311533,1,0
-1.7087474109119,-0.46818443045091,1.49703325202333,-0.0694795586021922,0.480383703208952,0,0
0.428572678419586,-1.41635115245748,-1.82462746536912,0.493143778259001,-1.65460566396286,0,0
-0.783639628749645,-0.190726981091686,0.311667214512795,0.335311163265923,0.736480402417378,1,1
0.80715930678403,0.155732101089535,-0.53786578671315,-0.706643293691228,0.136771897694249,0,0
-1.07137021319672,-0.0299740131228192,0.0443501630240373,0.777185212374736,-0.195928017658646,1,1
0.459970535333759,-0.233975944611758,0.34072951750787,-1.79046052246022,0.95211902603166,1,1
-0.795141740081438,-1.86951292194626,-0.678023377205211,-0.645230089654647,-0.581873814385051,0,0
1.43762535547936,-0.404274319041415,0.566808323635004,-1.67638622743162,-0.685280537416383,1,1
-0.0379220344344844,-0.526216875550819,-0.600627537869255,-0.0292410909487538,-0.109101044316685,0,0
0.324636583603567,-0.125695468513873,-0.821292121519961,-1.19863950861021,-1.30361637837429,0,1
1.3091658045526,-0.569037222414774,-0.0453725520351908,-0.775589889036274,0.0139029657629785,0,1
-0.0485400055101987,0.245356097605886,-1.75948279013213,-0.614787887408513,-2.52181875812758,0,0
-0.535309447235027,0.654005478930842,-0.572349501647714,0.944064632569828,1.38827319309854,0,1
1.58812528980224,0.944782337026747,-0.213759058523279,1.05144168188527,-0.27804140690149,1,1
0.543895656733064,-1.07175433314351,-0.208383963805423,-0.0327583545331889,-0.752595807414362,1,1
0.117443853328946,-0.839616546295704,-0.699987255919314,0.215902883841386,-0.256528365464522,1,1
-0.851705994256186,0.75308902353907,-0.0287015618825553,-2.10901983028843,1.28270710050328,1,1
-0.254509983623904,-0.636016526785733,-0.638895804255837,0.458710006435199,0.624015109408107,1,1
0.893536554745741,0.176217637396145,-0.77982869675459,-0.505116445009192,0.485204507338284,0,0
-0.427772512332099,-0.406591308713005,0.518762063199418,-0.129859052429273,-0.0627886130727184,1,1
0.196921559794929,1.02410651200887,-1.08505566950937,0.688415683646088,-1.03859438540469,0,1
-0.318829970522407,-0.465450587173355,0.685288810233316,-0.465592841190477,0.584017926379235,0,0
-0.358667563514559,-0.0244624113103597,0.601075445488651,0.492873738896351,0.422119576656844,0,0
1.561507162642,1.07445064859454,0.588933314375257,1.16475398972163,1.04802495996189,0,0
1.97509697407835,-0.063585053899457,0.662825512702038,-0.231733820762823,0.00590618962168043,1,1
-1.01468050655357,0.695230734063875,0.439480340137805,0.957471354379486,-0.926068876338739,0,0
-0.653725742161815,-0.27355425676481,-0.130895645943843,-0.519601744036569,0.0469034078705445,1,1
0.411999561088861,-0.800839209859658,0.733943512782196,-0.381597768692831,0.340655395693414,1,0
-0.363828425318398,0.810320582044594,0.332965976418286,-0.99564820107289,-0.331247928599838,0,1
-0.479074971078842,0.450908949717974,-0.491528999416996,-0.397158657965236,0.371120350015454,0,0
-1.34760647535126,-1.60100495260259,2.15980008670811,-0.332356067396309,-1.68367759782716,1,1
1.35064933519905,-0.174306170372711,-0.565549182740079,-0.375358848507269,0.687089264598227,0,1
0.222905607100696,0.670734407051235,2.40019635672637,0.0202728854027961,2.33597154581707,1,1
-0.558145975361573,1.42430528094851,-1.91240301753308,0.0291178499645872,-0.701567369320796,1,1
0.302694686115412,-0.192651584042132,1.01005661116218,-0.523182794277415,-0.276850453473608,0,0
-1.31580885746732,0.622416214575392,1.08161711065141,-0.563660981675662,0.234957655557513,1,0
-0.729051289499989,0.309682490625774,1.53079075801267,-0.236149165333064,-0.733617417337215,1,1
1.3121857944741,-1.55680040454274,-1.36654484940252,-0.433342028877904,-0.569406419727336,0,1
0.592232828510607,1.32327006224653,1.46661330543792,0.84848341733983,0.0410375607945167,1,1
0.737805646343413,-1.20213969255044,-0.356676813890185,-1.13652834391054,1.14425462979206,0,0
0.348996092656034,-0.128553105103588,1.40478681368195,-0.176617061423387,0.696916688751989,0,0
-0.257589257429854,2.60434222683829,-0.83686833304557,-0.169695056213862,-0.586486141045914,0,0
1.14997586380959,-2.20752679414859,-0.128129963972607,0.501048468015404,0.408512515366633,0,0
-0.0150868313775396,0.407115829001561,0.153533657620823,0.399987288733126,1.01222668591836,1,1
0.257167998728245,-0.864826399453859,0.141654861649158,-0.13592129724621,1.25542076802541,0,0
0.129674542338856,1.15080690621357,-1.95042812034164,-1.96117983052164,-0.0290758299584962,1,1
0.97915700867455,-1.09406313074253,-0.726978368043442,-1.05477670863718,0.766272715881012,1,0
1.53454461486573,-0.683134794221669,-0.559863533301029,0.44283391377811,-1.64999570116137,0,0
-1.02713683347665,1.00022616591631,-0.688415353338668,-0.730967397033837,1.51929552592823,0,1
0.761592661135611,-0.620246545890601,-1.52571950269026,-0.702431651385708,-1.09664949335021,1,1
-0.0490760871623677,0.364327734209026,-1.71822459488461,-0.124353851612932,2.01031724483586,1,0
1.24632416567581,0.516860436315155,-1.51392396209026,-0.0410327394921498,-1.06053548426143,1,0
0.379550374832229,0.135793905927154,-0.303117348422904,-2.33203462820176,1.78485326031203,1,1
1.05235522615847,1.60397589669692,-0.409785557218784,0.816378596395049,-0.197987850940395,0,0
1.07057983592068,0.104722512314071,0.465743216158766,1.46752477501418,1.12754499988147,1,1
-0.750856620556213,0.319378924583823,-0.0482641594170089,-0.249612508896743,-1.23888591843949,1,1
-0.294541801726698,-0.326769401620329,-0.360562443112337,-0.0425032072729169,-0.726721823546886,0,0
-1.11991769894568,0.573707754248749,0.878955847596917,-1.17779059062879,0.0993797665900674,0,0
0.188310097160842,-0.650415255241113,-0.568132806748203,-0.623476160451723,1.29665262427589,1,1
-1.02791514879491,1.13696136242241,0.133297038314495,-0.866126629707416,1.74416118777819,1,1
0.514609221429016,0.595555904244104,1.19485646198403,0.469655910402462,-1.44022908525511,0,0
-0.693408662057493,0.521128871479594,-1.28725218848513,-0.163341551351103,0.366886037342454,0,0
0.65068840638148,0.249535574978861,-0.174779325636504,-0.377023219609976,0.997918010159203,1,1
-0.353929850414051,-1.29403155760488,-0.598976728857238,-0.998315964530517,-0.494092226444192,1,0
-0.768310542055207,-0.111674460669757,0.202722073027418,0.458300158058995,0.117942856673846,0,1
-1.30845208905435,-0.0600150266735874,0.114858977996847,0.153599975358567,-0.101435257358605,1,0
-2.40743291286596,0.67046835862697,-0.269873564862339,-0.197996769176276,-0.223741641683424,0,0
0.758698743781791,0.659448590895645,-1.46818278785576,0.040246626607156,-1.27672273047957,0,0
2.40695322827212,-1.25836503209352,-1.48842353671628,-1.39859669565098,2.19076424011715,0,0
-1.10992757926724,-0.999198817604845,0.482909070323282,-0.75070760001857,-0.287972434624647,0,0
-0.142307996502149,-1.06404768923935,-0.713088950394757,-0.990978116859449,-1.05403152171593,1,0
-0.0191122622544663,1.44793442557954,0.223772273963572,-0.0432193541273269,0.269847194520483,1,0
-0.632800752645116,0.0751289505859551,0.312782401527164,3.10010679449707,0.747421477350308,1,0
0.0665449007973736,-0.326510446386962,-0.147933443031076,-0.437900624287441,1.30310372624977,1,0
-1.19692736520563,-1.95228268078631,-0.290358533403103,0.585654621521749,-0.374399436076757,0,0
0.776467194666424,-0.305086753518383,-0.795834642354098,0.0736710991741233,-0.375715626549398,1,1
-0.820823770354114,0.282691804034926,0.747687504880604,-0.924784160495113,0.586722837673617,1,0
-0.347871759387443,-1.86546117721952,-0.673860658125459,1.06179545337192,-0.907448893427514,0,0
0.825914421189908,-0.276395999479172,-0.470248082067457,0.348429240292712,0.932085533992275,0,0
-0.597386214059244,-0.0275743773953531,-0.109902559953567,-0.261151528538354,-0.93149434808764,0,0
0.886760671452459,-0.00175079975756402,-0.0404526313953626,-0.850140008184567,-0.718648140786634,1,1
-0.737897609443021,-0.418034235117206,0.770597343166949,-0.794748474182192,-0.181510191594738,1,1
-1.61676930341285,-0.876140703769498,-0.326166935808015,1.99861233518817,0.704963707430634,0,1
1.12335242688072,2.37713513239023,-0.139639939592468,0.00293588141155264,0.966264610097835,0,0
-0.526233106506806,0.399482164801315,0.0102122743255455,0.599301705633532,0.271795440209266,0,0
-0.900950759966946,0.74747375597965,0.920757266379883,0.00610062762335697,0.4042643490457,1,1
1.16762982099817,-0.768217088293736,-0.149188955653875,-1.24834881711885,0.472338726978963,1,0
-0.171804594454965,0.0234861940493078,0.0600368965816096,-0.229123489366437,0.885832246037961,0,0
-0.296295569273365,-1.33041089476246,-0.601533408650905,0.239659935692853,1.6518076741839,0,0
1.86654594102111,0.744128513834888,1.33209059826854,-0.098998579324739,0.21040300266945,0,1
0.220865988835565,-0.551720157566492,1.13181538481314,-0.609001671690779,-0.348109740127489,1,1
-0.0987074689757112,1.00088328101788,-1.04633799238339,-0.893228171269973,-0.21716294248282,1,0
0.162542456201168,0.502750727618287,1.0362589060978,-1.69650248507432,0.438053919725027,1,1
-1.26239211368382,-0.0756562221758238,-0.47081847246691,0.138941136211359,-0.348597798815066,0,0
1.18473764771292,-0.604654319764643,0.696982907110415,1.12223074468289,0.472020233404382,1,0
1.40658520377504,-2.32361474043068,0.570064044471491,-0.53934443471013,-1.38691910120365,1,0
0.539435542627207,0.721490728884605,0.401028164682306,1.72792913296725,0.618695569861316,1,1
-0.617058666724913,-2.17209508351132,2.9555131733822,-0.381119171851771,0.476621318440259,0,0
-0.0714841917587049,0.469816340745541,0.26168301942066,1.11057225805709,0.278747725381584,1,0
0.583523211252295,0.533735032868207,-1.42612843200587,-1.48352318754517,0.87437610061184,1,0
-1.79031859971169,-1.60286381826899,0.583921929415678,0.550305393753831,1.85301619163884,0,0
0.681258326750401,0.743270340658283,0.470873226594748,-1.23712764859381,-2.40777424197887,0,0
0.688396071847897,-0.37675665528496,-1.70120480337066,-0.90314129981927,-0.777774856710861,0,0
-0.0817919114815962,-0.885401251562248,-0.112260186252896,0.261485196436471,0.79781407164233,1,1
0.453674874736987,0.692359932967261,0.534188192123295,-0.410249096058443,0.0756424753794072,1,1
-1.22241609799054,0.520897493961385,1.33271424635271,0.197617941147717,0.683304681975,1,1
-1.24445298971093,1.12848673168157,0.198893725745936,-1.16035032365726,0.595703195885827,0,0
1.67746735372566,-0.725334925566357,-1.75458147674146,-0.1447934842627,0.870584285357329,0,1
-0.731301873117217,0.155369325414139,-0.460867240015488,0.595911869762078,0.618915938880212,1,1
-0.532655962159344,-2.20343610154191,1.96791332014134,0.232897032079806,1.02365710285488,1,1
-0.378568664870684,-1.95153318990014,0.849259661319488,-0.170855296558697,-0.184211371983707,1,0
2.27275415035503,0.12702726267821,0.697461849588498,1.25895648544868,-0.438065186115512,1,1
-1.18288843110689,-0.337623064122772,-0.350319196600278,-0.880187608895311,0.314360655622685,0,1
-1.05111438529542,-1.23669043923665,-0.309435996626966,0.060931714963646,-1.35196235963227,1,0
-0.848443974668181,-0.459133927064903,0.629275341108639,-0.949509096035733,0.257791931786296,0,0
-0.618254629843373,-1.26862084212165,-0.607248820490711,0.533007608994637,-0.176798003743869,1,1
-0.18096875529072,0.511425377156286,-1.18472420599853,0.224568805129633,0.112234596805584,0,0
-2.30998028376807,-0.888671080542425,-0.943705834275824,-0.757083836588655,-1.58704197337131,1,0
-0.28488021570427,1.58362265495748,1.78770445919039,-0.66404815513305,0.516675621074604,0,0
-0.114614382726612,0.727160321810259,-0.819937885885373,1.20627439126554,-1.36723167205362,0,0
-1.92423618368718,1.10015689065497,-0.695110453954913,-1.46533879725117,0.481976952661401,0,0
1.69804968552025,-0.367018293247452,-0.744374038682936,1.00825935942198,0.573232895323875,1,1
1.22936805472297,2.04739948676089,0.842106004851588,-0.626690214165516,-0.340370771119754,1,0
0.153085044489815,-1.00541267008306,-0.178751446369552,2.33514490296836,-0.605984893736467,1,1
1.25084416653265,1.21080006610049,0.100888219648111,-1.34163417407288,-0.187448179483088,1,1
0.0239306806897705,-0.240004039608761,0.415761641345536,0.360702880142762,-1.09563007263847,0,0
2.13994153687324,-0.587310199103645,0.0500964610696054,0.0258878326556696,0.671303374107378,0,0
-0.471011052580204,0.511423416928743,-1.23761363673175,0.736900678218993,-0.852724173260687,1,0
-0.556538258179273,0.0880154866696823,0.387889435801915,0.0807042744050223,-0.926181744361384,0,0
0.0982479868253297,-1.30352595948486,-1.00246687138087,0.0736784460439454,-1.17242490652506,0,1
-0.447937213839124,1.83572391033661,0.429949864066,0.515176762797316,1.24648929838361,1,1
0.260161461035802,-0.441213613391885,0.694319764234866,1.01438622089779,-0.429244667768798,0,0
0.6328608601264,-1.46913308293362,0.89346528172287,0.495346316338304,-0.854689026561949,1,0
0.467701898084765,0.446099469907318,-0.222037429477203,-1.3892345705459,1.10970938279945,1,0
-0.643274411444437,0.738785514119999,-2.97194437899917,0.814745583150434,0.753306145762873,0,0
0.916194879024339,-0.381783899241129,-0.575225468111133,0.159547388325617,-0.221761942417806,1,1
0.529202645827389,-1.94940218056986,0.965561311412825,-0.679414837384622,-0.544516153553236,0,1
1.90425781265169,-0.572999653646763,1.99634783963058,-0.88189733969285,-0.430741474195381,0,0
-0.742103822711312,-1.01005220885993,-0.762207072968054,0.918422524571865,0.821150555432128,1,0
0.643512815035983,-0.00456250140632784,2.41694689088205,1.26541407338939,0.890424770260149,0,0
-1.09502719557162,0.457903218345849,-0.382022693759584,-0.861741084572001,0.112558808883276,0,1
-1.37801176411469,1.00480067172843,0.106037037445286,-1.3119326281245,0.815326988084159,1,1
-0.518345709305907,-0.0344439025795753,-0.326582261149498,-0.870537390690007,0.99835356333803,0,0
0.116658641811352,-0.437881762772569,0.524031459806453,1.68145843322386,-0.639191028205284,1,1
-0.0525859876703604,0.101421274512831,0.944979337253446,0.923001627988468,-0.337191375954196,0,0
-0.75867268830648,0.689302970732517,0.988613101027828,-2.29889439350273,-0.701331227163139,1,1
-1.58322947536405,2.25222972647309,0.975664727797253,0.515072229086974,0.357780754261052,1,0
-0.280717999584846,-0.416592632041719,0.0680389979704882,0.679329334009086,-1.75251099130385,1,1
-0.755547775361279,0.766573883082805,0.488878160065178,1.60552808285068,-1.28024173033442,0,1
0.752952818159625,0.449216796731092,-0.591451709227124,-0.779556418131085,0.560335040333813,0,0
1.08812537788995,-0.0768223953434609,1.02710493011586,0.0641196494621733,0.984354811165746,1,0
1.29558210624339,0.083866109555951,1.20893522896343,-0.630285091092662,-0.188448958784597,1,1
0.535251876528494,-1.14750876045723,-0.632460586708085,1.48049108397786,1.17248873470914,0,0
-0.922443369231007,0.42059374675257,-0.24449190300914,-1.82070780671259,0.797354573034084,0,0
-0.687102656824546,0.0577891970992361,1.28437397612446,-1.06324272082462,0.166710228314791,1,0
1.24546585427965,-0.811451910007164,1.70810041939686,-1.05923403348419,-1.30189191538071,1,0
-0.257810405624903,-1.21098103889337,-0.262076059304478,-0.173241811652002,-2.77389798163999,1,0
-0.989561658019286,0.668739331464626,0.856307570733186,0.472116028483409,-0.827794869154457,1,1
1.71409478475695,1.20277455177268,-0.123635860102477,-1.12997069970438,-0.0359866745957957,0,0
-0.020053390093362,0.439460669018947,-0.803954501844905,-1.76418104374052,-0.489660362452519,0,0
-0.24883958420321,-1.13070460704256,-0.344343779529638,-0.0861626540595286,-0.671610880476796,0,0
-0.961676263206907,0.376688194240588,-0.0950901087407466,0.476597074245974,0.102811093470488,1,1
0.319864974076946,0.354128961828522,-2.70746354034232,1.33800296293406,2.04402949890672,1,1
0.504980766353072,-0.784019352551703,-2.69832173689902,-0.0439997911216706,0.427189167279333,1,0
-0.332871642707549,0.237796738329121,2.09575422228721,0.189711920034518,0.145152535578013,0,0
-0.758909212096136,0.188969363696934,-0.0727636831015628,-0.564677601227385,-1.61178572141556,0,0
-0.36770585125693,-1.22074699337336,0.412579035201519,2.20113352651491,1.39631145421841,0,0
-1.5490145744376,-0.335525478337038,-1.4781046104454,0.665832465337729,0.000493791224547103,1,1
0.857841118683805,2.12978059065232,-0.431288232800686,-0.100813064473329,0.623886192915109,1,1
-0.776937732964873,-1.69892090898352,-0.706456332004281,0.480568404060358,-1.42732343741846,0,0
0.64972230292329,-1.10355319785959,-1.57008572642279,0.304331756360124,-0.247590439587046,1,1
0.510895592489766,-0.0393333538934019,-0.243530424315441,-1.56445610443651,-1.17703019452587,0,0
1.20110546337249,-1.57214720461883,-0.274915226946985,-0.486205333843114,-0.846067750508534,0,0
1.34702455773453,0.248031060684711,-0.745637488970643,0.452567117265797,-0.831196484060293,1,0
0.165423905623326,1.09576961638839,0.414931659453591,-0.107709667669109,0.0416115416529967,0,0
-0.788807494553527,0.496511415297167,-1.3613526792595,-0.0988458161059496,0.431279865972356,1,0
-1.92247760811352,-0.169189104982655,-1.14886032117763,-0.550372256940507,0.952150436566129,0,0
-0.105637611864579,0.919500670272319,-0.301073680677251,0.940772121398843,-0.693618668201136,0,0
1.97029853431386,-0.221081503423325,2.14334350892222,1.08300715510915,1.30505305420226,1,1
-0.840185045566533,-0.150296179856528,-0.433338194862339,0.339651055999962,-0.239293505786087,1,1
-0.929165680809047,0.656413618829386,0.402636697438737,-1.46797425722339,0.232701064141466,1,0
0.196641202255204,0.388768636198061,1.85392753058713,0.0884621654618619,-0.955224821156818,1,1
2.04178714994961,0.900788543079212,0.0343933751731452,-0.579577712627456,0.44549338229467,0,0
-0.350737326022382,1.28816684751996,0.20040806422209,1.58565843451274,-0.832119739701891,0,0
-1.04178764530548,1.0231720292902,-1.49031114941861,-0.867401003816124,-2.18880279173063,0,1
-1.81219107708275,-0.401270258169991,1.09790679458276,-2.14421406370048,1.86411584733832,0,0
-0.132872122755877,0.818455147109551,0.144538105208844,-0.46361956498302,1.24045355738936,0,0
1.45188458604451,-1.05574771450382,1.03966365595706,-1.43882816993187,-0.682779336120874,0,0
0.475406354340318,-0.647016486317127,1.0922765482031,1.32370859451974,1.0077627049751,1,0
-0.654931066704536,-1.79578929545498,-0.854569173184835,-0.592965229269051,0.944834772814088,1,0
0.376048584280696,-1.02463678810107,-0.320381044897346,0.587344455838988,0.12162458585526,0,0
0.603236823777278,0.0430912253810806,-0.562844638789773,-0.153450906678,-0.571817493334054,1,0
-0.221360698175242,-0.773784280098055,-1.13926472427938,-1.47844808774618,0.784330609301201,0,0
-0.367406715401653,0.963404063191064,0.846403709506181,0.889754040825027,-0.224533913494758,1,1
-1.87306582268461,0.2523878768273,-0.597783472073916,0.157619480250009,0.699621565969481,1,1
2.29692197625587,-1.44976270481525,-3.09828405428808,-0.539271197053069,-0.0846352210079112,1,0
0.484937901909814,0.235959784651432,0.662387728313971,-1.26398955473543,-0.604802591379751,0,1
-0.0156437973313763,1.31712514289194,-0.912323575526181,0.537864965532983,-0.0457239435921023,0,0
-0.265383539754631,-0.342490820924642,-0.294876907790264,0.0731371851744132,-0.705094526531543,0,0
0.425382141929378,-0.155335263365525,0.660420962952197,-0.422904708273859,0.971088699453683,1,1
-0.0778185922688685,1.51494253126076,0.533467675348582,0.519709021007036,0.490641611220872,1,1
0.264775901753457,-0.189748786603063,-1.21478147872527,-2.46261184957091,0.326982059254965,1,1
-0.151844952429137,-0.693611645853255,1.21831839984505,-0.157313519843832,1.58125248694819,1,1
0.391175392387069,0.727909554146294,-1.20126379659522,-1.63998878452066,-0.144748136300593,0,0
0.677619436198976,1.43630259075997,-0.706046315043247,1.08358266554962,1.14086016194891,1,1
2.55229391840662,0.292324115136885,1.52199043292501,0.913068800646017,-0.0607618706829126,0,0
1.48293552658159,-0.377367671671307,0.325510103861104,0.308586526070333,-2.89031919774116,1,1
-1.45633671807164,0.956329964372911,-0.377059611680858,-0.505505506214956,1.36934165930572,0,0
-0.0732221523074184,-0.991569681334694,-0.525969923139073,-0.9114185251703,-1.61942653973147,1,1
0.298418834598869,-1.51331751296603,1.09144883608962,0.43566950436776,0.601775615560479,1,0
-0.718997595700098,0.525909947977275,-1.27846943621358,-0.814226623902123,0.582700595566982,1,1
0.151686156667461,0.451458286870928,0.490934213602585,0.94459182118508,-0.0413586840087277,1,1
-0.153978918504567,0.288546929968603,-0.924146259508826,1.37442229862053,-1.01904350033437,1,1
0.0194605624808929,-0.263293404590098,0.645511679572827,1.91245380311925,1.2599570364106,0,0
0.0628240327680692,-0.69773029262079,-0.859012818312149,-0.783669578337624,-2.03493419669377,1,1
-0.948602953109991,-0.873827085827897,-1.22334317196903,-0.375998367195142,0.45667928534211,0,0
0.326260808913133,0.0241599822094083,0.556152226606697,0.714600951897348,0.800690572643691,1,0
-0.165441815840705,-1.18110795568747,-1.57588562592501,0.752071148112607,1.61537957647331,1,0
-0.174676916811206,0.101727608212448,0.925232022004248,-1.69729359068359,1.11484402389875,1,1
-0.997495215711222,1.32169245918601,-0.572239256755464,-1.03138999381717,0.350474682540722,0,0
-0.107847320569848,2.07901514275034,0.556846950732346,-0.566426256056983,-0.087899110823856,1,1
0.138164093603886,1.09045538460497,1.23197434799365,-1.22733425625157,-0.134742509046272,0,0
0.0131583553033062,0.26089523863143,-1.09580537983331,-0.895040407170999,-0.488448912417856,1,0
-1.30811015429231,1.33693490646985,-0.562865404677612,-1.34954864335855,0.449225096513901,0,0
-0.321212025164742,-0.47072566078935,0.233312045791174,0.138053481692545,-1.82512421657223,0,0
-0.725405760981957,1.0080958278987,0.93404847964636,1.44640642292276,-0.575804251668167,1,1
1.60112299085487,0.304210863522233,0.11806756451148,0.528130857348604,0.711275094406724,0,0
-0.911681869016126,-0.559916742500696,0.111154013829856,0.896045310099198,-1.37433622998369,0,0
1.88409653681157,0.521925456957907,-0.17816431614481,-0.0315039726769693,0.501268576831316,0,0
-0.336735823097219,0.297160845340371,-0.770022271150725,0.17724581058392,1.34813871274881,1,0
-0.53622247818671,-1.16774754612653,0.841176219914427,-0.184320642306271,0.468412898279885,1,1
1.26228517868736,0.075855604053007,-1.04625410758433,-0.45721113461165,1.63556243984577,1,1
2.89530648161115,-1.88351475058863,-1.25041433366864,0.257689925904499,1.26990730530221,1,0
-0.747578875641819,-0.923652339202984,-0.780053971494138,-0.298227642873703,1.96583282618882,0,1
0.649515312191595,1.4541634015657,-0.892050869392241,0.424082285809826,-0.244791934434322,0,0
0.303424780787584,1.17092947727386,0.919794027728781,-1.45431781223905,-0.652664723478983,0,0
-0.691449200445253,-0.398902407178927,-1.07678446142964,0.355526086843936,0.0962200998597794,0,1
0.207537902692376,-0.394607404105442,-0.577420856618465,-1.73950591948968,-0.625285912179678,0,0
-0.669833826484824,0.244149457398555,0.799822082607743,-1.58259762044318,1.70306006982087,0,0
1.31177007257706,1.21112544154641,-0.10134440662323,-1.12631309275977,-0.427541370133067,0,0
-0.825801407500359,0.132387659721914,-0.0572967882612526,2.08406726269451,-0.131677727139066,0,0
0.357541773845862,-3.26539196806515,0.548199238655006,-0.153857340270913,0.994192904542174,1,0
-1.32870190621545,0.338426105933962,-0.0464003776555171,0.783705685814906,-0.133466342620734,1,0
-0.909289078587621,1.63034456462442,0.64335054217563,0.0607702139952578,-1.42816572458811,1,0
1.36200241939068,-0.214129014367735,-0.802119436808911,-0.0799809606931005,-0.984425665671029,0,0
1.24321095799885,0.197533506678528,0.141416682836865,-0.777240969610247,1.09137154720755,1,1
0.232683126804659,-0.594893318630531,0.938323688192279,-0.16777974578636,-0.495555030720223,1,1
0.855338208279112,-0.0269485014806201,0.636048263493201,0.495298326917959,0.31642791532047,0,1
0.851941788503093,1.04888271582271,-0.900464167142761,-0.269240934721752,-0.321447881010345,0,0
0.467870755135537,2.22842400999019,0.947930696875829,-1.7894763791736,-2.44883430361461,0,0
1.96560552123399,0.413156617001275,-0.613658210879676,0.432635513272608,-0.781236461853731,1,1
0.385122904485665,-0.870338152124255,0.9151660237246,1.33048550576916,0.468659607573729,0,0
-0.638414037616576,-0.527091421746927,0.172849210539361,0.586683554891035,-0.838892378275885,0,0
0.941265379693679,0.981518148692937,1.06047744074939,-0.499556137150196,0.551912108911129,0,0
-0.124852134705841,-0.442193091844634,-0.124504779812981,0.992994324129502,0.745662286523552,0,0
1.72916457825103,-0.775242614471812,0.622823962967584,-0.103554967394568,0.672405889814712,1,1
-1.52312118937745,-0.227014580202349,-0.0483447340267834,-1.24450911256701,-0.975295402610277,0,0
0.413937708946361,0.983310297442615,-0.588539160168621,-0.81361811844561,0.477776276511899,1,1
-2.46682957504487,1.08391822696891,-1.24995374176814,1.39386868361885,-1.42366528770211,0,0
0.398114394244436,0.0329776593770839,0.721830287486759,-0.0506223393138039,-1.39815650759214,1,1
0.689740539863997,-2.5069730206446,0.695537960521013,-0.355132825999002,1.01757219061831,1,1
-0.320982218422873,-0.233104968901474,-0.32161503336238,2.23134435192706,1.30263998759377,1,1
0.739298548381326,0.459184528118998,3.10521036747486,-0.496730152567269,-1.60048263747616,0,0
0.196720070911722,-0.104690094943332,-0.280454565328942,-0.620897077751328,-2.04885047843646,0,0
-0.383210407551302,-1.05636097057669,-0.398904093506689,0.211179224624143,-0.689631407346338,1,1
0.847259018164609,0.228605440425908,0.266171866448772,0.0573013690965149,-1.22766250706707,0,0
-0.0392940403586817,-1.51504114707167,-0.398935693891352,0.420740195721971,1.00681100603274,0,1
0.884414685429867,-0.983625655321622,2.03724910695551,0.212876994668556,-1.77978692499883,1,1
0.0521888682864057,-0.874742616583757,-1.25641845680623,-0.641783820894682,1.28604584640159,0,0
0.808746905103755,0.894147968867687,-0.875144921333144,-1.21879161014575,1.24962634203985,0,0
-0.846152143015709,1.5670905845329,0.0800440831880578,-0.895376338123386,1.60700487554148,1,1
0.80599423109701,-1.13609130498768,0.201068109525906,1.72179936619044,0.473096414504778,1,1
0.576374810315804,0.933228790988732,1.67747180142461,-0.0535718458932447,-0.108413453792596,1,0
1.12851527534038,0.195910919863546,0.747784664751977,-0.242161036120956,0.56680481846568,0,0
1.70211366869631,-0.324106209947385,-0.757641400491477,0.356804302313686,-0.878021891335066,1,1
1.74188936521498,1.34307563688646,0.765492618499746,-0.0648834861754697,1.36274186809064,0,1
0.262783549248781,-1.09408767486237,1.56250009198125,1.14557993749401,1.04016496450806,0,0
-1.82658633871111,0.902741018622057,-1.83879262854042,-0.25943974206232,-1.41471467469421,0,0
-1.05216478477368,-0.296040433120568,-1.72931986214272,1.236244349144,0.250599413397522,1,0
-0.166908698951832,-0.126368130763802,-0.958884331879448,0.12067964774718,0.964989437013452,1,1
-0.0148423815937538,0.704775730197742,-0.768369578840247,0.604510472099788,-0.978004042207941,0,1
0.424130246758787,1.16513226882334,0.367539402422292,2.99386049477503,-0.796695694916737,0,0
1.80043108956589,-0.323754658882718,-0.428536513888042,-0.809036834095376,-0.789124542367353,0,0
-1.68008306713946,-0.331258847781556,1.44406261280396,0.719503146102796,-0.507527723913496,0,0
-0.357506847873863,0.816225450906908,-2.17780047826998,0.0612199391652787,0.507909547642378,1,0
0.406850912371043,-1.32336387824796,-0.252838648843435,1.0547223464493,-1.16047868915113,0,0
2.66738383053952,0.818611597432273,0.631935059597141,0.556558120922918,-0.0828660312763518,1,1
-1.58611567269353,-1.22212837083335,-1.16333438922823,-0.590456886294128,0.599370013495625,0,0
0.661558232153727,-0.255078978045407,-0.00311631058908784,0.411585735400389,0.968333174360185,1,0
0.104095908943718,0.494488640495274,0.853015443848068,-0.199950605269221,-0.282185127366232,1,0
0.507211167809149,0.157062016820513,-1.03939476254224,1.750064490346,-1.54771618554183,1,1
-1.58805978908201,-0.478079198475816,0.513877131238743,-1.41679751048321,3.37774573743631,1,0
0.0359051033962995,-1.07515779863429,1.56203744310534,1.53952609944654,1.25909716816352,1,1
-0.413464596505803,0.536374793912229,0.307955557665079,0.634330256568998,2.16682179298805,1,1
-1.81197267118535,1.01571225287093,0.3738508239683,-0.609816074089932,-0.834450636275054,0,0
-0.314922608216476,0.435685898305622,0.220797249302672,-0.561870180928874,-0.472473631877229,0,0
0.358376837159845,0.995452414135829,1.69318942464532,0.58940018500054,0.00132813031689646,0,0
0.364648660201483,-0.814127182256471,1.9749071746719,1.30973357950014,-0.589515112255817,0,0
-0.2903084941136,0.448932054232399,-0.667501773623168,1.22398570415685,0.686015645615481,1,1
0.495186106966785,-1.2499934674433,-1.74192114975038,-0.29457630895291,0.719916755344126,0,0
0.695304047619876,-1.38155104353486,-0.386614865411109,-0.446205303661078,0.870216280316546,0,0
-0.522265915245306,2.69087566032546,0.386725210905509,-1.04939245608475,0.132917822276383,1,1
0.748437110644566,-1.12403678745382,-0.748504686707482,-0.91288332569309,0.835529854653465,1,0
-0.595305864377128,-0.912411953449025,1.16709104520335,0.415005642113646,1.27141103055534,1,1
0.172023666093968,0.566939003889911,-2.35055939241297,-1.02663155438697,-1.21386343453732,1,1
-0.594293356438886,-0.419365074242769,-2.11864859814469,0.0797107232266109,0.0522624024780216,1,1
0.273715976342649,-0.882319346136209,-0.355951228106018,1.22324402708839,1.62848460680945,1,1
0.605216125441227,-0.165717399751123,0.451336245069382,1.81916173244787,-1.91366365110179,1,1
-1.39328545761756,1.31432477727713,0.0145103518648505,-0.734947732080416,1.86486520873778,0,1
0.478699746469144,0.212751686882169,1.16581415730356,0.161018076947515,0.493772520153062,1,0
-0.0304988900986783,0.10802507799968,-0.767709266684688,0.616634505683802,2.7391979412121,0,0
-0.187993579702026,0.102970969821632,-0.126105503444735,-1.38414149578456,-0.858871259732003,1,1
0.669180044542376,-2.37077274122924,1.56926430640872,0.347348976893711,-0.116987909298096,1,1
-0.132488907844069,-0.192943004047293,-2.41647781226612,1.90962451089911,-1.31241686487325,1,1
-1.41913418168933,-2.11864187610318,0.492593668833495,0.903579332442164,-1.59784735068143,0,0
-1.80532793478596,0.325803610537255,-1.16866371263223,-0.589903075240931,-0.860502704532116,0,0
-0.967791329233304,-0.150179093364123,0.464827229576408,-1.15926114116674,0.577399861780966,0,1
1.8305052355572,1.24154937559519,-0.216261870609064,-0.529612557021234,2.33973732364787,0,1
-1.56779992095111,1.4880251390938,-0.028809012800532,-0.490670579558305,-2.78488975591709,1,0
-0.599194535117541,0.669741902551912,-0.484470265687822,0.156645959627779,-0.148189171825153,0,0
-1.79818873080001,1.25678945913939,-1.41642199139455,0.949474983755702,-0.156849927637014,1,0
-0.599881582310792,-1.08129938033569,-0.0555909799508637,0.990800855968999,0.0343462300872614,1,0
-1.57486500360862,1.02236254741346,-0.359934488365327,-1.27158979144182,-0.231061074977555,1,1
-1.24069874964046,-1.6490291338951,1.44247844540464,-0.642628201611112,-1.16100899738117,0,0
1.38403569151778,0.101181402454023,-0.915139742943097,-0.419415021938355,-0.351783130119141,0,1
-0.675618063244391,-0.387218778228847,1.00099042912369,0.980978063511301,0.0313053258428993,1,0
-0.0676789737343516,-1.06329910214641,1.30654885593684,0.155885281139386,-0.592472841027673,1,1
-1.18707778061159,-0.294887751396966,0.330912475723434,-0.43272388841462,0.664798668905448,1,0
0.729561181195874,-0.527958286707394,0.681467970381047,0.0180723729912536,-0.639221484121815,1,1
-0.376315098699902,0.39154496706285,0.268901220719244,0.365354068578172,-1.34378101543916,1,1
0.389374279369863,1.14760363068571,-0.0737230002055139,0.135729637407846,0.789859732265311,0,0
1.25826603900334,-0.890699864042904,0.528584235931806,-1.43370468905691,-0.662870748863292,0,0
-0.486058426668671,0.775332836328323,-0.236929651541712,1.12422246488894,-0.314773983999983,0,0
-0.91585205433576,0.887464694088218,-0.265324604546018,-0.748187871489259,2.01688369886313,1,0
-0.781211838899943,-0.0191375712501214,-0.468297656963503,0.740052131119272,0.695367107810585,0,0
-0.258608175967932,-2.28225785768907,0.530317311253051,0.218400245582101,0.0894837566656344,0,1
1.04171424632845,0.103621916986699,0.051122177627324,-1.08907124505019,0.463563304609415,1,1
-0.196534812792528,0.51642585994916,0.831239331129363,0.795185894772295,-0.209610355506273,1,1
1.50854034251779,-0.386731265081845,-0.856234475735989,-0.444920022427246,-2.1017606518165,1,0
-0.0109183628460167,1.07446886934682,-0.502154398873958,0.0659567566627631,1.95985795086918,1,1
0.308933440522102,-0.495738615466118,1.54910695506929,-0.532910644840874,2.18258455639462,0,0
-1.35610780863419,-0.996923371322378,-0.845629552825268,0.239647007499696,-1.13757876340402,0,0
-0.412136190714492,0.384946187061963,0.144839458200509,0.546718737402636,1.69990652445056,1,1
-1.34840437043364,2.22335564456394,-0.70348016433754,0.00236988308826335,-0.202548903250344,1,0
0.995510470447199,-0.361397566192897,0.578394676781652,-0.922689242109652,0.018793073652136,1,0
-1.15556338247033,1.47909593013215,0.491785881134225,-0.273518766370138,-1.69339983145687,1,0
0.730603390951173,0.605960141148005,2.06031134339956,0.253072019083495,-0.140603263341281,1,1
1.19805632734041,-2.1517886206409,-1.26401387939286,-1.46997032140861,-1.89122918311777,0,0
0.895460268880997,0.919170946576361,-0.821304192976368,-0.149098585367484,0.481223384427722,0,0
0.84091699822709,-0.872151996706669,0.364396402185323,0.435845968812864,0.601357448251807,0,0
1.06062248192571,0.621476046569216,-0.541033184682091,0.587863226397629,-0.327592877701045,0,0
-0.324304524802584,0.635331666062936,-0.428854505198122,-1.98092237571712,-1.17141094165506,0,0
-2.16494947206717,-0.792936000831324,-1.3508089172083,-1.63881875373557,-0.858078048237234,1,0
-1.46707253750396,0.408115857079902,-0.107353074841056,-1.41436972809174,-1.46473080806567,0,0
0.842382501981929,-0.018899743717495,1.1521664536545,0.658343406098024,1.29450410919577,0,0
1.6754550529868,1.07927588433613,0.326142223376594,-0.992326059239581,0.826412226181912,0,0
-0.348043618434681,-0.14848676443622,0.432379718507732,-0.547201508116759,0.553098723180522,1,1
-0.596402556190413,0.457303676931343,0.176652364235402,2.18031893473148,1.17172369939632,0,1
-1.20098674735368,0.225067305410495,0.858284835190588,-0.526143479530061,0.0232477076877583,0,0
1.76610506020955,-1.22443275628403,0.991945473595108,0.0373392075604057,-0.956251209950702,0,0
-0.175232949741231,0.860552249057559,-3.53448787045619,-0.0761033243266183,-1.22221956885496,0,0
0.787884218130274,2.70548129022933,0.844722580684682,-0.73316556949244,-1.6927952991869,0,0
-1.01536885476108,2.37458797073766,-0.60164238960695,-0.051011189990965,1.96880610082473,1,1
-0.0700023725470169,1.67795891979465,2.03936060340444,-0.133480844079461,-0.308056022146895,1,1
1.33499293248348,1.26109276396422,0.134898011879326,2.26937309258141,-0.0184748907159363,0,0
-0.673757234427588,-0.15790467858558,-1.77891979663831,0.645451263938574,0.0233834566218444,1,1
-0.653361184598278,-2.64576325878292,0.849954493938375,-0.72329762079029,0.560872730790845,1,0
-1.60678325470731,-0.149064327599901,0.768713848114205,0.788601519578283,-0.409625035273211,0,0
-0.598182211934602,-0.580128828634756,1.48970981862556,1.38373001754829,0.659960084931886,0,0
1.59528959843352,-1.08522916349786,-0.79197816593995,1.51742122880873,-0.369542103561298,1,1
-0.306320636000359,2.22332138743454,-0.574353746598662,0.434658959013244,-0.10924094100634,1,1
0.799671724480637,-0.569494614423006,0.732177136531106,0.0242438673127094,0.347408760377716,1,0
0.858183166836646,0.155706972804317,1.10196410663687,-0.193245405624117,-0.130588600883737,1,1
1.10314577328891,-0.74183696747938,-0.924906759808555,-1.33139764958278,-1.32171699496354,1,1
-1.26839663079627,1.07950665723922,0.560624456315981,-0.17766748859824,1.01960574963132,0,0
0.127876358234691,1.93477157226902,-0.620364361763676,0.381194592823435,2.00095118383955,0,0
0.167764721878429,1.07249324172351,-0.36530614340029,0.514139803393289,-0.47694568297622,1,1
0.421341939537763,-2.37391806282173,1.48802597442609,-0.559093022416157,-0.703754183086968,1,1
-0.322759960689397,-2.18949144731732,1.95869053603247,-0.59221740795427,-0.478118564186162,1,1
0.541554255876892,-0.488292159377054,-1.18221878050189,-0.646536392153737,-1.33922727846157,0,0
1.42948415486067,0.728751450423485,-0.0928494042218251,-0.769764134510834,1.420373727381,1,1
-0.130621740438156,0.0864636579915703,-0.00313400634043206,-1.6308980330194,0.858381407508872,1,1
-1.39319025907012,0.477540197142189,1.26610800909133,-0.356502778256836,0.36342588077423,1,0
1.28389394953265,1.39211365748284,0.46270400430787,-1.30399641847384,-1.24477390796929,1,1
-0.334509361733039,2.15882092208622,-0.577199792639877,1.26051616817449,0.634596159020773,1,1
-0.370722180078217,0.193748248437926,0.400143675879012,-1.11570805506651,-1.57225521293014,0,0
-0.317411407802418,-1.34313657069454,0.734693958086768,-2.17841762835093,-1.07460834928721,0,0
1.59890184355097,-1.72361703994896,-0.495254867584892,-0.227019529291656,-0.706127044765706,0,0
0.761592094111991,-0.957384474509426,-0.278113843431364,-0.577453692828374,0.906070499186153,1,1
-0.801392726915625,-0.60972609603304,-0.424340926125081,0.788120958447717,-0.657808324762418,0,0
0.700986915886082,-0.0540356667624161,1.1429834524222,0.366731342656101,0.451085255471011,1,0
0.4788832383253,-0.310878105581475,-0.59880918516716,0.0989452711461775,1.52261748429199,1,0
-0.369866883751131,1.17742798661605,0.598193978505175,0.426567150416252,0.388564994845691,0,0
2.49208741134917,-0.272022740946317,0.293978075462145,-2.12973204919399,1.29872411270367,1,1
-1.01992886388648,1.64282300568558,0.526854787324346,-0.352783536774054,1.64814920600664,1,1
-1.49130557217555,-1.47883653288336,1.34120571508241,0.613313057094089,0.468646877766694,1,0
-0.908797637874707,-0.118742283510124,-1.05370174747583,-0.0852701958279486,-2.12919193265543,1,0
-0.825412229204186,0.242472698687575,-0.583909765330021,1.63922066477336,1.0838165509001,1,1
1.99254821803205,-1.11898279033026,-2.06804460639218,-1.0038346916213,0.45494486359851,0,0
-0.11455694739603,1.67980301829281,-0.261402700449047,0.630426710631544,-0.315681724492403,0,0
-0.127911220857561,0.346282716400233,2.68772967282268,0.899303641087248,-0.271891541795632,1,1
0.495550833742303,-1.72213997134298,1.15168624682549,-0.846362813353572,-0.869088230490896,1,0
2.28094329503515,1.12401726210119,1.27744589916227,-2.62308495842698,-0.778352315563271,1,1
-1.36925441609994,-0.180016013388572,-0.825172648869015,-0.165078993228182,-1.45885179940455,0,0
-1.28608606473598,0.0640385312516085,0.0627677679418746,1.06466086104461,0.683973263407205,1,0
0.757181726213672,-0.766918268061849,0.337156087072214,0.00439836074556337,-0.573050822744098,1,1
-0.253869769947589,1.30755080312818,-1.97764896258986,0.0104999561716756,-2.18816920133326,1,0
-1.65835187366035,-2.44251658905991,-1.0569099004475,-1.38061647136336,1.12951343803926,0,0
-0.536504361882377,0.693000696606537,1.45716879012418,2.14792455173747,-0.821588528922685,1,1
0.932547361745327,-0.114630587196709,-0.0172754934893034,-1.52733502602305,-0.854702507362369,1,0
0.731514638375916,-0.825610337048062,1.66197399103025,1.17747482329898,-1.93826226225755,1,1
0.844473091726608,-0.68274586293342,-0.0358119784614173,-0.723104459075023,-0.66351580929082,1,0
0.537815491401591,1.01079416957427,1.18158887064929,0.924270997842023,0.553169250544606,0,1
-0.911125786582389,-1.26831391312469,0.926390117874616,0.0818873641389121,1.61828678831278,0,1
0.810945309624776,0.996407996687991,1.27670497578449,-0.333071315707941,0.689095027575671,1,1
0.27782615829139,-0.310189878310172,-1.39768793972083,0.985371209994736,-0.970867725624301,1,1
0.269812620975985,1.11770139878681,-1.10724094587515,-0.102179053677295,0.647874844936358,1,1
-1.5307849432222,1.66963778518109,0.725444074760778,-0.105767297159648,0.244718599202671,1,0
-1.76036151626158,-0.156889550432414,-1.28973225125327,1.38112411420437,-1.59884657516505,1,0
-0.901362924682578,0.262511819907913,-1.25433027882911,1.50860844348961,1.3230665864078,1,0
1.10131554060291,-0.539639825753149,2.46879409396586,-0.460744643340334,-1.48650756738847,0,0
-0.887680566890509,-0.800672747593993,-0.72744323293673,0.547194045095859,1.83134373893464,1,1
-0.453711528760084,-0.920777143557934,0.493472410674641,-0.100353498737033,0.440766299830615,1,1
-0.0428623443437817,-0.392407781541274,0.473033158384273,-1.11623987226933,-0.598619123830861,0,0
-1.66061156608945,-0.410275663405614,-0.401307526001684,-0.237989607446703,-0.354234864847164,1,0
0.775117546272501,0.931299567327884,-0.980181074339433,1.24821215238333,-0.26711035844027,1,1
1.05084624498629,-1.19447628590305,-0.245674722810444,-0.25006613812238,0.450620258753339,0,0
-0.474904528947235,2.03831365678056,0.434548403454714,0.138788101983984,-1.04482483214167,1,1
-0.955436080193239,0.535064073392038,-0.378882693330559,0.863513037774202,-0.301165719242432,1,1
-0.344480850137181,0.68833773990139,0.855605830798364,-0.298740025107773,0.284391275441412,0,0
-0.105796414253214,1.72990495790447,2.59335989697024,0.525756562152708,2.05403994090657,0,0
1.03561968431928,-1.07194390057562,0.343040813090237,-0.382269868338217,0.211943951455582,0,1
-1.06111086472148,-0.778595226883323,-0.50219486110897,0.98576832096926,0.467150196106576,1,1
2.30390262222584,-0.134362121038107,1.54308230269014,0.339783398523603,0.643712393620877,0,0
1.41279316694734,0.797531035229534,0.676553880903743,0.474978556575515,-0.168338162527113,1,1
-0.992940244520187,0.0500565430878558,-2.25001687169396,-1.04165317726251,-1.08953332902919,0,0
-0.0762620879354921,-1.0914465617531,-1.01455313997352,-1.13845823646096,0.202464506895353,0,0
-0.404042626356715,-1.54062935067778,-1.93629199548558,-0.419362736480622,-0.3779739636667,1,0
-0.360278601180792,-0.0659717209878514,-0.964909195507601,-1.04037337796556,-2.25474983338148,0,0
0.571387853258634,-0.0813462035967722,0.198737396010525,0.0901900182417287,-0.169726199720225,1,1
-0.701946692302373,0.462865600263508,-0.321855059015059,-1.25003901412799,-1.20016577196327,0,0
1.08487498909486,-0.237017007694484,0.0665350326770286,0.838886434713449,-0.245628331575648,1,0
0.126720639189191,-0.463838597397711,-1.06084860842772,0.00992107340917476,0.918230203698348,0,0
0.205357352468778,-0.0925357171002096,-1.57773826564185,0.650483202988179,0.270373565221647,0,0
0.0743546871603774,0.0889426602766515,-1.13678370537736,0.529151518753907,-0.80574915296478,1,1
0.458191251720914,-0.289384023960479,0.145473658215591,1.04939438687333,-1.64137210079702,0,0
1.04615087227395,0.254722653825955,-1.1888956220758,0.784461688919217,0.937658225785145,1,1
0.311137535178145,-0.235784502265918,1.19447991225474,-0.358215366150446,-1.49550530953827,1,1
0.211599894789006,-0.98663295366887,-0.797161840467377,0.917419675688579,-1.60951083996517,1,1
1.2418230843098,-0.613595323457336,0.223779197994712,0.00627914078641926,0.615547320201046,0,0
0.0849120526498812,-1.33742962433021,0.486622850441604,-0.286553270851687,-0.85742247480006,0,0
-1.53851164516444,-1.35976705270708,-1.24944376875552,0.861315725236716,-0.0960607338332077,0,0
-0.993733675428335,-2.25031957854048,0.904884287166366,-1.27688494760895,1.49830661698861,1,0
0.408898123893182,-0.104896325994039,-0.40720099564618,0.0462621075517846,-1.33053928376901,0,0
0.229877848359453,0.468858328424218,0.533042378532678,-1.01942452112354,-0.782490796342177,1,1
-0.33934705690382,1.62969942844344,0.0410738937911735,0.986886804154424,-0.0233981337038592,0,1
1.14068695020174,-0.148663811535819,-0.0976740685087964,-0.290307257664925,-0.470837420847548,1,1
-0.235361490480665,-0.751185124646144,0.0173996584212239,-0.966383603785588,-1.00178048811691,0,0
-0.595418544640524,-0.266911028222381,0.172825402472326,0.750365302081092,0.252572819387773,0,0
0.23124866047381,0.193896764290991,-0.327192180064089,-1.71283476965972,0.0956663837877767,1,1
0.559865627890626,0.212263540426273,1.19272081824151,1.20820393460749,-1.11817711254293,0,0
-0.638250362780634,-3.29912777204513,-2.68221292355939,0.754760238429021,0.308181604356201,0,0
-0.126948620282351,1.60510587114837,0.81321282508314,0.35105204595284,2.37172579294696,1,1
-0.552245446217408,-0.616887933356829,-0.572834914806294,-1.91615525313479,0.0677445627634766,0,0
-0.290464284380623,-0.532191670237874,0.431339043211203,1.53432561475069,-0.0289358034354119,0,1
0.627852210117699,1.20071657318242,-1.40414362502196,1.98927687102842,-1.13018146629039,0,0
0.992319070815365,0.840523616463163,-0.599072696338029,0.987547757472157,-0.330032520863955,1,1
-1.32819055376243,-1.18029484319935,0.664755842139331,-1.8304560529789,-1.41259168102047,1,0
0.423103902418026,-0.409962827119616,0.729887165795892,-0.901803494514239,-0.607948177080363,1,1
0.346449882725385,-0.391265626382154,-0.954171327545068,0.602054680073614,-1.73453153587667,0,1
-0.35402574763433,-1.43114584622461,0.334108501340685,-0.413229012195704,-1.29906838298641,1,1
-1.55883624244317,0.011228924730261,-0.340214975558757,1.21131046211915,-1.49599403172573,0,0
-1.8837320076674,-2.45545118495845,2.27671100436974,1.27982514061018,1.25695760576132,0,1
0.748157598978915,-1.09616248888636,-0.16778135743384,1.12389127991621,-0.418869427640691,0,0
0.909361173833142,0.608123140933341,-2.1782385910187,0.659406132315424,-0.907411172174601,1,0
-1.60647296328888,-0.76546443149471,1.04477010902283,-0.514193726915598,0.742937037626988,1,0
0.521673196276165,0.0710353734232333,0.771175609845549,0.692828157469669,-1.20318382174969,0,0
1.03948447730294,1.58635367157268,-0.599243150943738,1.19394868559645,-0.669148356523571,0,0
1.99978647980614,-0.924087626238763,0.811281136429062,-0.11733221460478,-0.120719959669417,0,0
-1.58751599493241,0.118541184282151,-0.538787774423094,-0.978637212836816,-0.0736765512874175,0,0
-1.82182095061228,0.965705697599529,-0.0724059979811905,0.410572116635455,-1.34421783489795,0,0
-0.427408198709162,0.677388420600694,1.03253505252271,0.781879903743966,-0.794769219644718,1,0
-0.400931073361839,-0.38925684575293,-1.22449589396589,0.292623372524577,-0.351731054949437,1,1
-0.870001851366056,-0.384839051662638,0.784118178464385,-0.848824821394791,0.639070721075643,1,1
0.286370476563863,-0.464490196651155,-0.49607952625575,-1.05917405557378,2.32885426103748,1,1
0.764983501700136,0.536370946129493,-1.48587759852613,-0.657517720790173,1.05977074598534,0,0
1.94651795743927,1.17951932189722,0.700020634331988,0.531710283145118,-1.12289907936603,1,1
-2.78241851144223,-0.267795219066154,-0.287924818367914,0.394181123569731,0.954402214199992,1,1
0.0189591867575195,-0.296738894970038,1.26705266541833,-0.297403160505683,0.0965442400045447,0,0
-0.826854958494836,-1.51820870169891,0.0268822797756986,-1.78126657881754,0.451802908071178,0,1
0.218033982447409,-0.0681715909655197,-0.541657849638113,0.650276744000676,-0.358803410996943,0,0
1.66631516861581,0.466512757294761,-2.04887677829729,-1.12783413457145,0.386418578637224,1,0
-0.0331220490055882,-0.262385013100771,0.366615949011775,0.0875217978498086,0.0545147421169159,0,0
0.413283240933089,-0.95502611281504,-0.586782406094448,-1.35471626101407,-1.62671030473964,1,1
-0.404881392279723,-0.886046578211249,-0.643131614577702,-0.608942489494295,0.0292413967249535,1,1
0.205681308347874,0.386154789127322,0.948494374656731,-0.443154311973615,0.0806376093461632,1,1
0.919420435513512,0.0759960662622223,-0.678163363195115,2.52238551379013,-0.624348465989,1,0
0.398152482977667,0.506383266787182,0.420485008240108,0.875971566221683,-1.65976394819294,1,1
1.1932976530895,0.625464178050111,0.860706000429729,0.854767155177129,0.86939217429734,0,1
-1.56470836602959,0.715236949720563,-1.29097645701877,0.690658258170307,0.606094503406663,1,0
-1.40676792383305,-0.44107787884274,-0.459367894938899,-0.368064505043328,1.673716899515,0,0
-0.0242665478638812,0.380144877729006,-1.19532437884899,1.38340390450495,1.38214559895661,0,0
-0.678612479215564,0.784916560826823,1.49845007880298,0.936458689873287,-0.367167224140247,1,1
-0.511658953761071,-0.825118804240098,-0.243802449063598,-0.36942109471029,-1.60887033857778,1,1
-0.835993631677919,-0.763379585867251,-0.479384543240765,1.03924377915313,0.310659426512834,1,1
1.8335539247194,0.333393593220234,1.33932537404606,-0.491266290996705,1.39421963691246,0,1
0.813023644281913,1.28104196515466,0.518649140562252,0.189096826393474,-0.820154022839001,1,1
0.878310211818366,-1.28803183478844,-0.181654403585998,-0.432044536907907,-0.603447174921376,0,1
0.777251645623112,1.31673119334901,-0.224886059597999,-1.49144509288099,-0.551893019345971,1,1
0.238319607231457,0.0213350162173574,-1.05774209996507,0.379716007168716,-0.929972888098307,1,0
-1.11082114464013,0.367899808876077,0.999729093464289,-0.39111799187389,-0.0672824179783168,0,0
-0.831333094576129,0.527338839142536,0.92196660231986,-0.275666947941632,-0.612195500780864,0,0
0.365556432503831,0.307743498865264,-0.0494685033201367,0.624168344674091,-0.686439090770615,1,0
-0.364059418689682,0.383660529243226,0.612077302473488,0.848062527460799,-1.57148455696336,1,1
-2.70282942698423,0.279161977439819,-0.195021505123631,-0.624683588259767,-0.564125846473409,1,0
-0.207413237497247,0.558008506228352,0.735666107677971,-0.398299394294988,0.0809710657469696,0,0
-0.19946411357527,0.393887418308517,-0.216285795579392,0.475860155475695,1.96291975898216,0,0
-0.405577320164771,-0.0696583653352945,-0.471614976789547,0.772158067529474,-1.54041987068725,0,0
0.847744978775274,0.00651543261821799,1.07474855931141,0.282540429253894,1.32254476824767,0,0
-1.45490285349269,-1.7804891371571,1.18996176370107,-0.840898481983176,0.659147478459005,1,0
1.09955075627907,-1.44555715320278,1.79228732303029,0.446232411356602,1.36638886471564,1,0
-0.985345019927678,0.397994636110836,0.991291757032219,1.33488875942138,-0.389122016246484,0,0
2.82451127979746,0.00584830777314027,0.111473228639166,0.372660884761387,0.597118721344292,1,1
0.503978248610855,-1.01307141462862,2.09294054139974,0.542472842334405,0.943360718567006,1,1
1.16800355426886,0.817654470644128,1.12182999294424,-1.02539899073593,0.264698233150755,1,1
0.747545095141868,1.07710901521558,-0.53448206900785,-0.475596563375898,0.191805574965553,0,0
-0.613506916342533,0.586909950937658,0.128907376931432,-0.809645714339318,-0.963354315884781,0,0
-0.513051749479661,-0.0911598071258,-0.964680446088434,0.258844266427754,0.570587202494833,0,0
0.0214039734331124,1.24472582481449,0.541627848904562,1.94548841424842,0.283897196202592,0,1
0.806500757123314,-0.859478093063672,-0.358714719685004,2.59512830413378,0.36323976679203,0,0
0.110215684279163,-1.39912651106867,-2.44832879005674,0.344682861303333,0.11702098385463,1,0
0.288816835814537,-1.02316465723319,-0.274881101157045,-1.40338910174942,0.03633239320819,0,0
-0.0356741356224925,-0.180515185316569,0.698085684762761,1.74214026132228,-0.912331092590758,1,1
0.16164057450086,0.746199022949605,-0.0206528804542921,1.57375003580654,0.397434344996361,0,0
-0.615601543458313,0.0971356210609554,1.23585055671541,1.65509687504816,-0.315809038246933,0,1
0.433833858930741,0.863412481727307,-1.55330047887402,-1.01692986025719,1.28935340834694,0,0
0.111744115437325,-1.56633123487746,1.05396783179895,-1.71316509074848,0.528008711036115,0,0
0.147642385275053,-0.181262659035952,-2.45880058119596,-0.74519517897183,-0.412892808855143,0,0
0.699431552132784,0.0382674050245376,-0.359427580665512,-0.383834249232091,0.859724498702521,0,0
2.43658163372408,0.028160277715711,2.49247714954893,-1.196544536561,1.21514028506793,0,0
1.04148436626073,0.652448363238575,0.756911424032676,-2.82434550110137,1.31343762503154,0,0
0.895056592518421,1.05800921421163,-0.619803428670835,0.517440431189159,1.09464082026073,1,1
0.985062180020944,-0.501950214289042,-0.258178691899236,-0.0394837857455597,0.434944312836303,1,0
1.3077415856615,0.771787131052663,-1.72735147151208,-0.937721694261634,-1.27182586629552,1,1
-0.928299869139141,2.31170011698765,-0.516146260759671,-0.827309206133961,-0.11327511547724,0,0
-0.536048399363697,0.633623706848217,0.0986534773363719,0.862298582938294,-0.37505452187254,1,1
-1.84405047772087,-0.806235665344901,0.498022833936558,0.242102449053617,0.181042808853951,0,0
-0.0890579681145147,0.0340411507050177,-0.336003768031351,0.159423148696212,-0.199196313673695,0,0
0.56664216507315,2.97496290341972,0.31221835474405,0.56446394066085,-0.820951611149385,0,1
0.823799618187429,-0.221394855824924,0.0811042617487889,0.380055315892432,-1.0551730266722,1,1
1.55129567297157,0.504601907812027,-0.726304261865815,0.682349634909334,0.729574376712935,0,1
-0.0482818774104588,-1.80881476988835,0.736094620123677,2.38721208578278,1.63216301192529,0,1
0.728534208445594,-0.261082392126523,-0.824331719241317,1.38926167575716,-0.221256169775843,0,1
1.99432219577653,0.342993338622923,-0.424405400606024,-0.125442434351919,-1.35716621211227,0,0
0.865185801649513,-1.02862131935676,0.560613924713336,-0.902198378054555,-0.269073041478435,1,0
1.1673112075456,1.40230589262123,-0.317230347121216,-1.85554034628348,-0.605487113814586,0,0
0.344655936503399,1.3879731679817,-0.566109986790154,-0.0287529994141431,0.741391738287977,0,0
0.540569950163077,-2.01532048961834,0.790887537695617,-0.474778339648244,-0.295521960370392,0,0
0.239104914595424,0.636323389519732,-0.984437425680941,1.34483011710316,-1.18251346886301,1,1
0.959529188147022,1.29721137479813,1.0087789924632,-0.780187031944517,0.305318490898345,0,0
0.750708077094004,0.762281476815589,0.11785260823599,0.130737201067976,-0.865811460212111,0,0
0.636700237205645,-1.54073220043889,-2.63678327895716,-0.23028736440069,0.210589838812222,0,0
0.123922216136564,0.31951901943188,0.561048717538805,-1.78185511024837,0.483917383183128,1,1
-0.895073952504609,0.577473351108228,-0.96937191139351,0.296560785900838,-0.0870058970437077,0,1
-1.38773494257917,0.870378525976196,2.68129786640092,0.281715298249762,-0.987817252670436,1,0
1.42016237529828,1.04476153359534,0.951533726651893,0.476639551612809,1.5122485164807,0,0
-1.44521122820954,0.719584992128241,0.54136418281567,0.132986556088147,0.522704525829211,0,0
1.40194432080287,-0.600893412618662,-0.268744608137498,0.652160187066301,1.1044077747389,0,0
0.534341630969492,-1.35094260632823,1.14855629374309,-1.10458427359569,0.421152728653648,1,1
-1.60366019758465,0.414058827895938,-0.0675730550984466,0.347589840497298,-0.450368559286002,1,0
0.180495532367528,1.56217106345186,0.0502386535122679,1.21297795719427,1.4261540873533,0,0
-0.706506324099353,1.32549168316935,-1.04782235557005,-0.217879702057287,-0.873773512858466,1,1
-0.625309218195747,-0.425074699141921,1.71131408989701,-0.0992291272231688,-0.478720000961735,1,1
-0.00124130192892756,1.36761418069746,2.33928888360565,0.123866723563341,-0.314325056512012,1,0
-0.359761677150527,0.256407166599032,-0.222142992964165,-0.103241157950032,-1.74190797808361,1,1
1.39868732093779,0.271765680393903,-0.241978928438331,-1.68180757266291,0.304169527890665,1,1
-0.0175676607337619,0.0288912562036319,0.0797003771780952,0.236129491256738,0.326950090566395,0,0
0.302047698428637,0.0677898650594754,0.259855622218084,0.153724774898677,-0.550103348485012,0,0
0.645656536127814,-0.302976807798414,-0.317922856032898,1.36435906201946,1.05470953001484,1,1
-0.0598551318432954,1.26244446072345,-1.03540125908404,-1.01054689728647,0.0232061769810358,0,0
-1.8972738280535,0.61889636522396,-0.35291258162415,0.498061861102415,1.77806700156605,0,0
-0.207407174150457,-0.142337161092622,1.25496088006096,-0.424404244369498,-0.269836195293808,0,0
0.384754794895704,0.233473020494025,-0.850370231928341,0.191213683453727,1.88264550455865,0,0
0.058679390687174,-0.191661240590972,0.0911533622246789,-1.17719774133493,0.820985188841933,0,0
-0.0924696028591759,0.530975220134361,-0.00690473889720852,1.25199109868335,2.69275248041397,1,1
-0.847537654002616,-0.0850512277100056,0.39867564430909,1.46023654441015,-0.827700878596987,0,0
-0.0236435632403117,-0.173771540577632,-0.252777052714141,-1.18987058349015,0.836405805674951,0,0
1.26159051481404,-2.02440100422365,0.613043345575263,0.313957298364968,-1.09302362351536,0,0
-1.6931424256818,0.312767994168507,-0.272921956834946,0.260669616886787,0.498220472574089,0,1
0.8492287919057,1.14520357459317,0.998285126794279,0.0907457630067821,-0.446541150957854,1,1
-0.696937596477515,-0.283623157206632,1.37525876639734,1.30536506243677,-0.896013327927002,1,1
1.69616606484947,0.278691738055177,1.26057951536537,1.78828162514582,-0.352306466909958,0,0
1.58782682189007,0.161205826344831,0.0483248472630037,-0.984638866263305,-1.61961526474012,0,0
-0.889832880703586,-0.00204206173085508,0.979096217872556,0.679170744064675,0.122790507213444,1,1
-0.692303380650361,-0.301928820116853,0.532447238550947,0.397408767575977,0.0669196396493447,0,0
0.517567877720511,0.665137521369286,0.637450253427264,-1.03977658435539,0.230647281586845,0,0
-0.213042799913389,-0.698077239305073,-0.61836878710629,0.411861915764296,0.763074221998538,1,1
0.324216555631186,0.643206630102497,-1.12827937791311,0.384208834063982,-0.607539887148335,1,1
0.0436685668891836,1.15626715096757,0.547412495911526,1.89364966546254,-0.756329811953161,1,1
0.978931482243689,0.776141534499475,-0.25577780922622,-2.10913829468076,0.67693577263322,0,0
0.697773026115386,0.185809948419004,0.983080958115532,-0.473656648425419,0.741721343086814,0,1
-3.03203646984738,-0.0158910322672185,-1.66402972591449,-1.23862904861012,0.375557198072425,0,0
-1.15295282457934,0.76935750165189,-1.23823180695913,-1.57517969272079,-0.770473131879411,1,0
0.198874076528127,-0.854939299857836,0.905645948064535,-1.86681756425056,-0.578746806849198,1,1
-0.971822387298668,1.47033498527277,-0.538051135066873,-0.312112802869218,-0.756345752663398,1,0
0.238050598409562,-0.020319553356435,2.33968775493652,-1.74081968737812,-1.61800572568518,1,1
1.48259889105368,0.812397762415977,1.92371911314971,0.289268440706096,1.78396928904597,1,0
-0.363555655099048,-0.166473618975062,-0.371815314238254,0.468028260544659,1.93893034129936,1,1
-0.801739993291582,-0.580243336899944,0.715488849718267,0.139162331919779,0.700305712549579,0,0
-0.580297079867314,-1.3242648589657,0.893406181466749,-0.693898337769236,2.30591286505619e-05,1,0
0.500470802491648,-0.260923504746356,-0.415431088050209,0.40166080861496,-0.329583268994586,1,1
-2.25465599902473,-1.46494237625645,-0.284750688766433,-0.462827643923587,0.215748781247459,1,0
0.977541821818301,0.0458209579355069,1.82275605684097,0.990146335577093,-0.181923862464657,0,1
-1.14075506858556,0.260716367720958,-0.678113142420867,1.09408822450595,-0.581792893453743,1,0
-1.66957657955131,-1.75864865610417,2.15236330426877,0.321838301812805,-0.335933833251121,1,0
0.691499602537423,-0.677058877397341,0.218866701646036,0.278000448989015,-1.29547737010339,0,0
-0.0628999774816371,0.715183096980983,0.419076810460171,0.358107687821824,3.20145329475144,1,1
1.01940094714542,0.535526931736275,2.03365141970065,0.435482585938635,-0.560060393045088,0,0
0.0808613193973494,1.64273372081774,0.837956167111539,-0.275178872423504,0.359141298773686,1,1
1.70374913733487,1.47983714340183,1.28701866807395,0.723386874496285,0.0446005128880725,0,1
1.15514861824905,-0.0869435360446529,-0.630421618289415,0.605690557257983,0.28739826533959,1,0
0.737747262951892,-0.399756925728012,1.41802638256305,0.15673254520778,-0.209974037869921,1,1
1.01376479970125,0.963688093054116,1.44329960987891,-0.605265031860423,-1.66832078983935,1,0
-0.295650063236246,1.01352786388732,-0.019345951352177,0.541302015889768,-0.507903748207386,0,0
1.53812993823015,-0.287155073965371,1.5830642292663,-0.926862881618934,0.538186273208222,0,0
1.46752621291746,0.857309476792394,-0.860533225937926,-1.92691673580458,0.0129598663431609,0,1
-0.281761474288148,0.640090973123878,-0.257482859310453,1.45311123559643,-0.198418954745051,0,1
-0.636061544133284,0.537099007718403,0.0841625744482331,-0.290559549024598,-0.797273502241718,0,0
0.654005151686766,1.120013065884,-0.0160224841281838,-1.09345513989743,-0.00899074495735569,1,0
-0.465660195216198,0.259725137215243,-0.0940304449377901,0.915635808106517,-0.993487351465347,1,1
0.438613048090533,0.56802710400121,0.159201088109566,-1.46883261002231,-1.86599566481269,0,0
0.125978654997064,0.163519141385535,-0.682397916690744,-1.48631977490307,0.331384827954135,0,0
-1.17414832332345,-1.20088568997873,1.41117575630089,0.741753890645281,2.00028551181425,0,0
-0.328231869761324,2.29234727171101,0.476740604271721,-1.34038411881209,1.6056607287143,0,1
0.0177758899132611,2.24106098646614,0.211496362866781,2.40830847441701,0.414305695485495,1,1
0.742444168087226,0.669315976411876,-0.503606359443761,0.446401712683589,-0.115471292566073,1,1
-0.515375560685799,0.262955490756944,-0.213125063005334,0.713039096090242,-0.680298603839734,0,0
0.625093504292497,0.152267912234307,-0.993327234154849,-2.40112806425628,-1.83817865566222,0,0
-0.308551746704714,2.14689517987489,-0.637195612265353,-0.41015937813598,0.332266881433907,1,1
0.243843062573724,0.39823038309937,0.962664050025762,0.222545450589791,1.49795296081958,1,1
-0.936597288511762,-0.071468195877611,-0.399778641140509,-1.97197057599762,0.00662614824310437,1,0
-0.462155133493855,-1.3589056296757,-0.489527589761509,0.18615517369839,2.40315291526122,0,0
0.382363033264633,-0.486240661154803,-0.147576661450858,-0.0640185353476926,0.168431827876545,0,0
0.745414680884232,-0.160016913384454,-0.580158697625067,0.63421102903531,-1.61744869916497,0,0
-1.40887855632065,0.38440944309533,-0.860419925193365,-0.676005247914763,-0.0514195978010051,1,1
1.47081600798573,-1.82754658660205,-0.025557573079557,-0.298380386957515,-1.51673678053292,0,0
1.64852628548865,-0.21554392260878,-0.158424746310869,-1.66354955234185,0.580201678177194,0,1
-1.47445540916293,-0.717594711615183,-0.716792984752233,1.24744095964667,0.105175167104258,0,0
-0.368655975763458,0.426251641534481,0.148457880938378,1.87293636233251,-1.03709241132367,1,1
-0.103282833159886,0.185787153821252,1.39310763495844,-1.10095040723046,0.521054767772821,0,0
0.817471018685852,-1.77499628249041,0.11150922265753,0.81729023906937,-0.55900418316919,1,1
-1.3632010570382,0.350974275098679,0.947801681437871,0.27008124321265,2.619140025602,1,0
0.617016477589957,1.52213749541226,0.295132632384049,-0.751089962662194,0.22703886042204,1,1
1.28743478244351,0.497523705767577,-1.63635883846222,-0.198233512193546,-0.579360479461033,1,0
-0.133124613018309,-0.198557273013711,-0.619029182787319,0.130641806349772,0.648557522781661,0,0
0.269521082953033,0.44240287667679,-1.56922210443829,-0.930144215348527,1.54813700729827,0,0
-0.210652056510037,0.584522772858041,-0.954285317752621,-1.44230358482837,-0.667790187676086,0,0
-1.08233094500612,-0.944693858604805,-0.0204361383204953,-0.253844146572812,1.50297425581425,0,1
-0.114591108545156,1.04732396204439,-0.0193744623202716,-0.46548779059439,-1.16399928825946,1,0
-0.721753878069297,2.18457938817141,0.421568783344064,-0.938116162049852,1.47320777133096,1,1
-0.383914725482645,-0.126691498655929,-0.226237915944562,0.292985222237449,0.69522337559397,0,0
0.434133835530487,-0.0538016133270054,0.23173697622693,-1.475426571816,0.0658138504698549,0,0
-1.02443618969061,0.467343931873753,0.672706838327073,2.14869546820276,0.77809002856565,1,0
-1.72591439178012,0.83908934166587,0.370863482904025,0.713368628197224,0.0592387683545821,0,1
-0.222474540538979,-0.917134531594533,1.01498268478981,-0.913946330548072,-1.14349916233378,0,0
-1.21979961726183,-0.502364898521543,1.60431814000793,-0.353051300289065,-0.678036425691376,0,0
1.47262120566855,0.368301523167284,1.67233319042037,-0.341381779848453,0.297586911661095,1,1
0.0756691693661606,-1.24301680960851,-0.0541385903526609,-0.365822918859531,1.1317440608544,0,0
-0.0534712742949431,0.217381426323045,2.3476987550684,-0.898695456519652,-0.549953459148045,1,1
0.10111147723542,0.0279324457565258,-0.137001508076861,-0.264091134184295,-0.0959705176229888,1,1
-1.24050403153111,-0.978001157759622,-0.85566153930324,-0.484451109699581,0.507488367678282,0,1
0.030860973361899,-0.432608805791058,0.693257341585264,-1.16091356855299,0.658370442771317,0,1
-0.405685374791188,-0.42290316168198,0.237529749927218,1.29709423613401,1.49931671109073,1,1
0.333200537003183,-0.901011599433248,0.0326518425694062,-0.136636897424853,1.8538462083669,0,0
0.360337540891999,1.52836743780459,-0.163688594385365,0.382929189097274,-1.23982159599067,0,0
-0.157237233255726,-3.78147144421231,0.374708387735999,-1.51695693028922,0.721429374559452,0,0
-2.13506213527871,0.885584938389036,0.256995184027186,1.19029794909401,-0.910483794067809,1,0
-1.42870537531684,-0.854688575522642,0.877729087799297,1.51572579533177,0.5613689948139,0,0
0.384866228417684,0.581196008415433,-0.836022128061937,0.274479404642313,0.206490514368726,1,0
0.135715086496027,-1.42005109269444,-0.628072140153768,0.584401570620877,0.418294917868993,1,0
-1.79244377707855,1.82817247231275,-1.81632342108308,-0.669955154866939,0.233408998065794,1,0
0.399800248223271,-0.335330722357131,1.12329273302934,-1.11500341242121,-0.197744924272771,1,1
-1.19061028967661,-1.09427765635252,-0.704856946210657,-0.560830799871914,-0.0194841417012131,1,0
-0.295824932067057,1.63737515059153,0.164738186726749,1.16468316680768,-0.69971531146518,0,1
-0.372320245002551,-0.490653270206622,-0.832100410277838,-0.317778064039736,-1.34118113379286,1,1
-1.1701692551047,2.0709619527135,0.362806385102154,-0.24429857396127,0.270667484080329,1,0
1.62532355120881,-0.696322863756354,-1.39286750842927,0.216680483552265,-0.737096517743723,1,1
-1.55612833038862,0.565997403439506,-1.67299713623394,0.88460404822453,-0.203975655563478,1,0
0.118003741194102,1.46249470602112,-2.38511788689042,0.944245295276347,0.210439679220927,0,0
-1.02098502554218,0.0540763751016854,1.30570389990314,0.316207297428458,-0.871155223292495,1,0
1.70687992070036,0.491263648039466,-0.432155045939212,1.89366216271368,1.01752616537415,0,0
0.818353476044816,0.112393315054626,1.78001549435622,-0.779215379790842,0.695379769701097,0,0
0.688574561125821,0.222454067165359,-1.50093993157431,-1.40428182320405,0.0320056540839231,0,0
-0.786840919910405,1.16198444433875,0.224503297944731,1.15110701181187,1.09285993661429,0,1
-0.0740447631658931,0.329930476849297,0.0367311669388297,-0.259204022438416,0.778544902277183,1,0
1.28427793047502,-2.03170163699684,0.0840170538222028,-0.727301378253098,-0.941680182627565,1,1
-0.80977039794799,1.63219183206165,-1.81886333454215,0.484299825274555,-0.58830353071961,1,1
1.17024341354254,0.204684099436238,-1.79975884972655,-1.13118096598641,-0.595963020751055,0,0
0.0556360803584912,0.942442185799299,-0.064994106429907,-0.372783610409121,2.44575443744569,1,1
-0.713194791704269,0.522168395920576,-1.60558005067506,-0.435122961796117,-1.34298913701693,0,0
1.1367993215166,0.143927319539576,1.80473563640781,0.198914742198951,-1.05084435396041,0,0
0.378898934874646,-1.17844492957766,-1.07968806535101,0.155933500803043,-0.0273551610199908,0,0
-0.664597880863767,-0.224451625656807,-1.21401471927497,-0.850229411621069,1.71073488943734,0,0
-0.0925234504511226,-0.342236018860723,1.35972987537754,-1.85137373484207,-1.71379324017735,1,1
0.113858701634836,0.936297294642604,0.634403565107261,0.898242909692575,0.975039879257691,1,1
-0.52062594537136,-2.66103830373102,-1.16978490826008,-0.184583253969582,-1.22346883160856,0,0
-0.349489149273328,2.52583430488937,-0.531234425714668,-0.144613338438759,1.29799491584296,0,0
0.719646578505422,-0.847133684043872,-1.1016387264563,-0.926147896337405,-0.481804969042592,0,0
-0.547473830966568,0.332479620765348,-1.04477330405889,1.7590871115723,0.364089373926168,0,1
0.832432609387136,-2.28699854658372,1.15014882439622,3.81997882637507,1.76833860000896,1,0
-0.263381082693942,0.100734814250503,0.67116968209004,0.867864957370276,0.427324826365977,0,0
-0.317724808783455,-0.820280756710959,0.325381465646668,-0.279865656960632,-0.665628302687519,0,0
0.413147599626723,0.254250994175206,-0.945377566317039,-0.216881621859961,0.744442728757284,0,0
-0.581295739046171,1.02780148347619,-2.12695649885358,1.18153062203555,-0.869543838377998,1,1
0.102395581554106,1.56557366936963,-0.335786093648041,-0.842301163421217,0.631515835115666,0,0
0.0917279450187247,-1.04411019611952,-0.729283418447974,0.136770248577082,0.0887013207336507,0,0
0.449133821697713,1.11797192564866,-0.0572734415802273,-0.222693615398866,-0.525248283966432,0,1
-0.677847862340613,1.80710847092147,0.319781365639981,-0.0946337337691711,-0.463545313310646,1,1
-1.31444484720969,0.924867897273871,-1.03941601488857,-2.06552306577705,0.582918275506137,1,0
-0.000825633089827075,0.998411414444102,0.451696548117121,0.416238303295473,-0.894435782207254,0,1
-0.0858584157278439,0.188727165930994,1.00672945460411,1.90204094534138,-1.60573526603263,1,0
1.17421888583163,-1.11538691516449,-0.910751897718468,-1.16397235955206,2.11168660335759,0,0
0.48448610348939,-0.449870952508371,2.76358746025783,1.27304968247256,1.01185306629484,1,1
-1.71123791557634,-0.674032746785281,-1.22157173065705,0.219949668754489,0.271810279670023,0,0
-0.113187544080968,-0.962151934535713,0.6945759797781,0.904136159330244,-0.500637961205294,0,0
-0.0695219941897499,0.536771258110203,-0.595800788228802,0.395100708068293,-0.100096315424479,1,1
-2.87570101386316,0.13259046958553,-0.0616279144665576,0.652443083243063,0.450834648213427,0,0
0.0473512063006565,0.0438619716010944,-0.149006522571618,1.40377705519066,1.10729862194156,1,0
1.10973835916936,-0.706978858183589,0.138071376293375,-2.28538090486094,-0.825735991876151,1,1
-0.0183596016289354,-0.108177942808391,-0.466219849033797,-0.328368828129317,1.55823005287455,0,0
-0.746575431265153,0.496499972204268,-0.296016614435908,-1.76505232805432,-0.134270946910196,0,0
-0.924147763862023,0.197226698784191,-0.4668529825675,0.121378447932438,-0.327340866770406,1,1
-0.274109952135551,0.360763763852888,-0.524114277930401,0.077080595036671,1.50168776777341,0,0
-1.46222767048941,0.296313344578235,-0.450081323847128,-1.11268685273444,0.0789627558073769,0,0
0.824982571821559,-1.51985510226413,-1.17843167963893,0.93982500248199,0.64835855886924,0,0
-0.296188065295731,0.775802677256179,-0.102725826456837,-0.867987052805214,-1.09880281547095,0,0
1.4555876179095,-1.32276017106248,-1.74820551339475,0.0547793507880982,-0.569408150666994,1,1
-0.29465770296008,0.695717023493505,0.369492729612396,-0.504344576190781,-0.140101712073331,1,1
0.628237263084848,-0.0559531475521032,-1.75986207685252,-1.06136430255272,-0.473995500939208,1,1
-0.0451812013826047,0.72743619659898,-0.197168740443916,1.50584966783772,0.0766991742533115,0,1
0.000132575265816325,1.31981838548581,1.91720851930798,0.32679347480427,-0.333115479720001,0,0
-1.03775127586261,-1.85676057577517,-0.868107215180204,-1.63519015623193,-0.272502151157206,0,0
1.08687688043702,-0.211164430307856,-0.868741825406367,-0.440044574343199,-0.344165389345129,0,0
1.28591664627133,1.13671147326895,-0.83432073262855,0.80801209740987,-1.03678853535237,1,1
-1.17377193440153,1.51075662449516,0.894100729981255,0.0456087017542074,-0.253197039147825,1,0
-0.882548526390914,-1.52811162631877,-0.27997811261306,1.01136013407494,-0.470463290877553,1,0
-0.835067574119765,-1.34259411335851,-0.190467646971774,-0.563057572316801,0.545363432501254,1,1
-0.15266836480517,0.208800294751153,1.12810332081421,-2.24481603606666,-0.573367320638913,0,0
-1.14100391753676,-1.42767833903313,0.75089119573644,-1.00914857206568,-0.292227334521805,0,0
-0.477339942686827,1.7490500399569,0.597754649464155,0.544372929357038,0.53391663188263,1,1
-1.23927001707907,0.332312659670219,-0.640751275864459,-1.4681010561369,0.995014205707206,1,0
0.00857451014674088,0.0975204598153162,-0.0313997201156732,-1.20703762536721,-0.427944347566124,1,1
-1.71210750513737,0.465260054919937,0.914955693832504,-0.0836133270334272,-0.146665029671705,1,0
0.511292038935482,-0.709370009857275,-0.182767356971434,-0.336695451465447,0.500408196058474,0,0
1.17798188572132,-0.0770326520091804,1.27273980258899,0.703615229935885,-0.66065011174436,1,1
-0.993534741421157,0.692527132916927,0.544652500703017,-0.177211670800241,2.0444525116087,0,0
1.11424522758024,0.383578957152813,-0.213702488861767,-0.562985245695975,1.15001967974342,1,1
-0.343832399827703,1.56560386144174,0.00560571601158488,-1.44157391889394,0.075485924631803,1,1
1.52205394583784,-2.41844853441588,0.703016293202826,-0.729875643882106,0.0116084616340402,0,1
0.411624714894929,0.312320258630223,-0.178675868566065,-0.361673598093893,1.41810705854406,1,1
-0.0672823313462442,0.179599854477783,0.233769919377769,0.089021966579412,0.441044317724658,0,1
-0.796936060826816,0.475893546000594,0.906447467968345,1.48824246712517,-0.324420841727343,0,0
-0.571276032233751,-0.0545412091842867,1.58007518434334,0.06019697800829,0.741893264714647,0,0
-0.420836002651945,-0.112479181275871,-0.762815752985077,0.991084060504948,0.628915455679738,0,0
-0.9296021334934,-1.22731920750522,-2.16111339006043,-0.232147666645753,0.0268728448674353,1,0
0.742630098366583,-0.813882631066567,0.852348178833757,-0.162192200921071,-0.00245298965130507,0,0
-0.291617643119147,0.592135837326864,1.41682428118753,0.588778464439966,-0.233496818310557,0,0
-1.02584905751463,0.232360745832081,-0.0760035807119005,1.55752972984647,0.0941888572628435,1,0
-0.611945408765922,0.790717744989565,-0.347154854423013,-2.81763855694646,2.50125810197962,1,1
-0.552716147266248,-0.00795471354057721,0.743983606061519,-1.45602835479377,-0.201051718774451,0,0
-0.400495463334226,0.254784551122507,-0.525826123887383,0.067736708578101,-0.136378722046241,0,0
-0.387344405153799,0.250459872942805,0.744511238197746,-0.50445416094147,0.396829681975192,1,1
0.929140007862996,-1.79275243430314,0.200605247192203,-1.06997931788217,-1.71181000449272,0,0
-0.643518174211104,-0.14864871987476,0.949826140645307,-0.519534314838646,0.276170260454932,1,0
-0.0253741562860853,1.72247627663847,-0.948201641263007,-1.60793871674771,-2.28075246249911,0,0
-0.246641893194807,-0.312245098418532,-0.458969061787319,0.0134715980911546,-0.748855073549901,1,1
-0.472024750979306,-1.25847997047591,1.0579747178506,0.286399714045704,0.0514394959485248,0,0
-1.2288831433504,0.626874809052366,-0.0753471082055264,-0.101993962078641,-0.511431721408872,0,1
1.16463983554968,-0.921061948744209,0.425397232214668,0.496840590782803,-0.493770345099481,1,1
-1.24084474144106,-0.250731616259638,-0.546213917184357,-0.609654269831478,-0.391983337132375,1,1
1.28655621453099,-0.514118477903147,1.42999219042147,1.9366524244611,1.16232278101171,0,1
-0.304820740210034,0.445834892299865,-0.813834101150233,-0.105953401529076,-0.0186167588998301,1,1
1.80302617898853,0.519607604952322,-1.89483461116957,-1.13192787711773,0.653555506146212,1,1
-0.871672424426707,-1.30044384643057,-1.39281133461059,-1.21056983110054,0.632125206274025,0,0
-2.11941834817904,1.44128908801209,0.098334292403905,0.804886917783846,0.166475526795383,1,0
1.51980266213556,-0.617498133538729,0.521309987812763,0.749127311189174,-1.18619345757675,1,1
-0.454111436988467,-2.75381883807808,0.480063014865566,1.05713531562184,0.374178589654717,0,0
-0.217232687300526,-0.501752862201552,-2.01073239175395,0.621586326303358,1.12054266993188,0,0
0.1273888820459,-0.193007952670097,0.143654586132666,-0.396385112598076,2.15992239263116,0,1
0.213917111367365,2.16872741760019,0.7677873813384,-0.301013405884499,-2.26608888142541,0,0
0.00410222926936286,-0.963236751948496,0.14407731909871,0.238692869522936,1.66847319457508,1,1
-0.79409041331967,0.00798875518546131,1.24759123660552,0.393568794208693,-0.0623186748992985,1,0
-0.682002637864833,-0.533544913868031,-0.964112399467356,-1.20786181462737,0.507716705617168,0,1
-0.980752344330055,0.024508885011233,-1.09603460120833,0.252712207381875,-1.13728067147119,0,1
-0.612076684365659,-2.00982154429403,-1.46681746056005,-1.8413543974089,1.26110799242177,0,0
-1.08622603372925,0.289413947592621,-0.302993861225272,-0.573248813289507,0.442160042157696,0,0
0.778024736740773,-0.9167887772178,1.93305528124307,1.42256490076473,-0.321103752967523,0,0
-1.33318575632788,-1.09140889562588,-1.70575754524904,1.63988629679581,0.979473280477782,1,0
0.945757293354736,2.22482464906384,-1.30500413040231,1.24036344263187,1.11655952538569,1,1
-2.24256618576807,1.80523682532774,0.202307698833197,0.208726872306946,0.886724126433387,0,0
-0.00817238457586433,0.56402475477296,0.655432358027027,-1.47328565908625,-0.917542137115362,1,1
0.701219935638177,0.788977044897774,-0.631318301057301,1.1026451096865,0.126284697515544,0,0
-0.0691048001584373,1.03805121613782,0.894960686247314,-0.64114732475564,0.538763104874782,0,0
-0.404967396860849,-0.0113717387719994,-1.30745024621813,2.23231884103241,0.702571545215043,0,1
0.557023796630238,-1.09762543033802,1.06248570412155,-0.764669974912439,0.274860526175354,1,0
1.06417013927817,1.67283223591985,0.359731229377068,-1.64445762347151,-0.345128356587895,1,0
0.349144829448101,-1.71164870101876,-0.9991704244548,-0.83738738756372,0.399935621012371,0,1
2.22176031249311,-1.10689018793167,-0.799230730821674,-0.75730232955289,-0.289192942045062,1,1
0.0626861878817141,1.34372815802293,-0.0113510035166942,0.119822525196277,0.268815756657677,1,1
-0.712501997894809,0.744314684371882,-0.440057262620172,-0.913591082407828,1.3366029500938,1,1
1.4543448509076,-1.82357683805616,-1.32694029563477,-1.24645383952406,-0.806412427631989,0,0
1.78030152249382,0.330728337653493,-2.21355530080912,-1.11632491444919,1.06640708364467,0,0
-0.505445076316955,-1.01233383493194,-0.565507374848665,-0.799801063525436,1.42501313029197,1,1
0.327449848006672,0.11287926771904,-0.431910185180496,-1.36001162671744,-0.885412218235065,1,1
-1.1823298569377,-1.03143836249279,-0.18066650032288,-0.380044191231779,0.84690422455501,0,1
-0.917858143558511,1.18003967073882,0.46110305617432,-0.116114611623885,2.8312853279708,0,0
-2.04000041004474,0.0355508427495919,-0.0212463370298078,-1.21075136345966,-1.03876747548899,0,0
1.15841731606707,1.16325039174251,-0.0356522758317758,-0.0594766269841058,-1.69448057961031,0,0
0.0827943422813956,-0.441038410436907,0.106823166903039,-0.698253349422856,-0.279206559601128,0,0
0.338255578123672,-0.947027056202942,0.829555267905291,1.07016579523868,0.55332404452308,0,0
0.735176965092959,0.911310697983878,1.32947431159026,0.446898316977576,0.587652381733529,0,0
-0.462667120022416,-0.668214726502044,-2.37874628497412,-0.0407617303434541,-0.705612180498946,1,1
-0.348956044534317,0.906653004397207,-0.819223279071794,-0.275418569969387,-0.0732590414491846,1,1
-0.504446429088498,-0.902703910152497,0.822270632629931,-1.9028069052844,-2.5465593453821,1,1
-0.348434085704896,1.98571183349197,0.539351967356055,0.043350158595009,-0.23502247243729,1,1
0.920378492555831,0.776026121750595,0.148634137252693,0.275872142301694,0.107569633733993,1,1
1.32319589261322,1.24707560999789,1.58904029676193,0.0440460537937638,0.225889189753352,0,0
0.634625247581788,0.554970029906457,-0.996588818596847,1.08558053887218,-0.841022379733872,1,1
0.558959387351227,1.13159018188479,-1.16257410465324,-0.515345954218873,-0.0382184729666213,1,0
-0.221939200985041,-2.12971955323473,0.993133672125561,-0.0605751265156687,0.97449325075656,1,0
-0.0160194198166262,-1.57143000981869,-2.87175827239583,0.437678805424182,-0.763467425155979,1,0
0.17259597070594,-0.631538026974643,0.68141939765711,0.281693273663232,0.617325352267054,0,0
0.968616972042226,-0.735057174450502,0.631170286885739,-1.05638334814054,1.23326209457488,0,0
-0.659596373654115,-0.386700244898007,0.576007002909274,1.34751890221672,-0.29642096412322,0,0
-0.4926395055218,-1.25025149922894,-1.83016093275213,-0.282698540529154,-1.35270247789893,1,0
-1.56757240893152,0.933583337851508,-1.04844470284231,0.883013843176488,-1.16015732344853,1,0
-0.455906018523109,-1.76306985890244,0.0796847882836978,-1.28484894636326,0.0117581093422455,1,0
0.399787089162515,3.13594875051187,-0.69459840582094,-0.401431920051367,-0.174946248918171,0,0
-0.936223256559257,2.17203426393941,-1.83669257177333,-0.471273737913208,-0.652392921773672,1,1
-0.69218147186751,-0.9396440359588,-0.0423024967937592,-0.699632510665091,-0.0846935971005832,1,1
0.511828826178997,0.221044374686484,0.207253269585254,-2.20554435309043,0.416173157974132,1,1
0.517215074109871,1.19256395163502,1.68794630260151,-0.99249387005521,0.308124204312369,0,0
-0.375442652009126,0.170011573487464,-0.35248905650518,0.807837341230092,1.31729807603474,1,1
0.714530410471542,-1.40844832193161,-0.242567740494867,0.0332676472491081,-1.82033652607608,0,0
-1.85749823358959,-0.126157513898374,0.66933767865718,-0.704398336082317,0.935684581300529,0,0
1.2767496658125,-2.68380863848657,-1.01193230486151,-2.40829417083252,0.794145760404998,0,0
-0.593005781162915,1.45682158536076,0.406984404203217,2.34890577634867,-0.38492655310276,0,1
-1.7119139711759,-2.15124251617479,-0.443294338584601,0.289525957743719,-0.199999936128165,1,0
-0.232987694442635,-0.630318969393945,1.64618476356094,0.346930802249105,0.477697293251505,0,0
-1.01452527384077,0.834280177981478,0.359624298654097,-0.143906507205914,0.377399902437282,1,1
0.340773125087913,-0.29807986771799,-0.26261830093736,0.870956867069514,-0.610151348316106,0,0
1.42560783338663,0.0830452130234562,1.16764075640524,-1.26015278999591,-0.811758025439206,0,1
0.355905512357472,-0.808777712095678,-1.19002345863871,-0.789328331933871,0.369477081520258,0,0
-0.0511897294086465,0.300816134310292,1.40788433018964,-1.39460153356237,0.480540588858989,0,0
-1.12247838549184,0.580773794675775,0.919478564269372,-1.70605837611359,-0.77142453088577,0,0
-1.50115886431263,1.86953127533426,-1.0282235393468,-1.20596673218592,0.761519524417623,1,0
0.717307525197319,1.16434490733995,0.855707002123232,0.63930197329334,-1.30425049927472,1,1
-1.5396518534886,-1.375736886984,-0.322653836526491,-0.661328998845999,-0.261005434173245,0,0
0.484584065964092,1.10727117946826,-1.25732506272915,-0.397440030513838,0.532745562554356,1,1
-0.481291911621571,0.7628511197901,-1.63348837464598,-0.621432658790709,0.88578316071377,1,0
0.243374484746069,0.405909417032534,-0.234658515260602,-1.28964897233688,-1.10137786155872,0,0
-1.18848296455884,-0.574550857271928,0.138853113070751,-0.654289725883888,0.693379776239626,0,0
-1.31164915238994,1.09767616263515,0.905938068061539,-0.574539060380471,-0.144128841113307,1,0
-0.270693104148361,-0.610486490076944,0.458364555492219,-0.799162998420201,-0.157608343865973,1,1
0.289819013752294,0.709123055483992,-0.472033727282923,-0.521078745088085,-1.18931276553624,0,0
1.07635765104233,-0.996163734647277,-0.978264156545644,1.24571192139393,1.81005866081173,1,0
1.19513615914883,-0.779467432255416,-0.217809281948174,0.466579103451358,-1.5104130018454,0,0
0.522720064865838,-0.011912412512709,1.10298625111865,-1.02561187555502,1.03773923517929,0,1
1.64561696749862,1.16259225336922,0.350755890332936,-0.218017972784783,-0.149189845340941,1,1
0.262658155340371,0.653829191837855,0.178294354503119,1.21412556857789,0.561424632494949,0,0
0.459654574243814,0.428977904899637,-0.639917452865267,-0.126217880119644,0.14668328243708,0,0
-1.0069706313391,0.242249336297012,0.525597245151382,0.263149777764714,-0.829001538476783,0,0
1.05064292944373,0.384097556974349,-0.349670315613767,1.41869426110167,-0.412419772100742,0,0
-0.435737666335131,-0.469301886093332,-0.70379637370887,1.58643072319852,1.32430037911217,0,0
-0.112268041045782,1.38692883570445,-0.773246277335869,-0.235305619603301,-0.219484702543873,0,0
0.203109172338024,0.318993968843602,-0.634314249791077,-0.957124125359934,2.69516951445942,1,1
-1.47473530602765,1.33331349075858,1.19371703386317,1.38036385004203,-0.588535757572586,1,0
-0.39336670454872,-1.3404999990224,-1.34190597942098,-0.623559866218564,-0.0841926195455355,0,0
-0.460723982061315,0.902439768619153,1.19013188277277,0.536408717525527,-1.92990772517054,0,0
0.739123351220174,-0.548566028826489,0.04990866778572,0.713010795219058,-1.29888624017234,0,1
-0.340469301020503,0.164044844835924,0.949871292747276,-0.101159615776899,-0.454388784775312,1,1
0.622113564997557,-1.51401243132836,-1.03902437193143,-0.338051998609986,0.435060661617912,0,1
0.195795253732892,-0.460540657864878,0.191682516744027,1.04965393958965,0.539503611065327,0,0
-0.575752658633278,1.8361627727385,1.53207924213116,-0.20148183736805,1.55512436085494,1,1
0.781599078900786,0.986232442639364,1.11808453250504,1.11748596530391,-1.89308863497991,0,0
0.881736388718176,-0.291909739771482,0.832115048588961,-1.64141161775357,-0.224378132943209,1,0
-0.196404311963443,-1.52181494104251,-0.225538402859365,-0.601766344794127,1.35322719700711,0,0
0.22892816446632,0.763258039220313,1.15052379970948,-0.209927850198097,0.987791148773124,0,0
-0.180276337323793,1.43626464140609,0.752956836837888,1.17052612065629,1.1521203545314,1,1
-0.170048265376639,0.751685420211639,0.373862016689385,0.134235308990342,1.29929640520677,0,0
-0.659724026116585,2.91813681591748,0.778693216500202,0.337392336239222,0.633230026012152,0,0
-1.51822528037131,-0.225365342966319,0.719028020917064,-1.72689935800171,1.60269998742014,0,1
-1.11456603970537,-0.971420953715949,0.962682958807695,-1.37586950920761,1.02921899191282,0,1
0.431919032278432,0.34925207086495,-0.0889157637127174,0.0625790316962669,0.649173894519542,1,1
-0.0657450195825293,-0.522071135556475,0.4853610685283,0.142612467177157,0.11240832510952,0,0
-0.313026553375446,1.37179683373812,-1.0461421629105,0.956175771547929,1.97862810043422,0,0
-0.778213701609056,1.05815637665638,-1.99269932775297,2.96036921785209,0.290127451462445,1,0
-1.59885075083146,-2.37055787623514,-0.93039026838346,0.613034790106483,0.989815003673648,1,0
-0.855582479371835,1.12759106683373,0.389455775360917,0.635332583498664,2.19017314646425,1,1
-1.64835585981325,-0.387778513306361,0.142146526406123,0.929625195203356,-0.557649599572382,1,0
0.306683781858647,1.51568516834931,-0.933374031197501,-1.01954854883826,-0.196506819981548,0,0
-0.0302273624813061,-0.346678817087636,0.472133850713619,-0.310275313197964,0.884392622231149,1,1
0.439708122552561,0.043772579155535,0.778402378964274,-0.763285829311801,1.21735800704234,1,1
0.412497016081772,-0.151626593304312,0.0243833452840588,-0.100922935684365,1.26857670331323,1,0
-1.38474998478625,-0.403623044149395,-0.134045964636935,0.55232758791751,-0.166452560296098,1,1
-0.111558854500806,0.111993280676912,0.210413571868641,0.0833008325445195,1.52066243925805,0,0
1.42447886663144,0.738046028086403,1.52050193143348,0.669278257365943,-0.163501974440408,1,1
-0.277400051384374,0.359817879913673,-1.87328764439272,0.985179653730471,-0.0866309234961743,1,0
-0.590924780866028,1.72699213583309,0.472048027733786,0.0844710804330533,-0.454949382641643,1,1
-1.42106091006695,1.2988345782301,1.62955445045442,0.859158975756797,0.681023542723154,0,0
0.182885857929327,-0.266897708279675,-0.528924596208106,0.534484523731765,0.234240246220169,1,1
0.0784502799461748,1.00117292769501,0.897614529912584,-0.0467148930863252,-0.563453624849052,0,0
0.193804025922816,0.871614389300115,-1.06138533068267,-0.336389590205792,-0.361441494927913,1,1
-1.24802387028174,0.504403849890076,-0.750754698483851,1.70763431170711,-0.189392833070699,0,0
-1.02349524612235,-0.423709174127588,-1.74410008643938,-0.707864195608222,1.18187746443089,0,1
0.30487318441942,-0.662313218352962,-2.56000822406674,1.12916747999525,-1.07658282496915,0,0
0.482235139279451,-0.468752600377712,-0.424032441367501,-0.523711899929198,0.236449330286841,0,0
-0.18645457664059,-0.116847362884341,-0.086776421076736,0.0275675663889722,-0.0204674405712663,0,1
1.33604427135263,0.901505025377025,0.131256826630031,1.12173499603397,0.920729789560544,1,1
-0.068484548168121,0.789057974261486,0.701382630492806,0.117788155496354,1.2894250514034,0,0
2.49016521181608,0.157916819989217,0.296392524821938,-1.87266050144375,-0.0844720280636456,1,1
-0.555876679969638,-0.223422074130252,0.309012730475911,-1.89540964748622,-0.70081460621259,0,0
-0.963515028182485,1.36906447795647,-1.53977367907991,-0.189859426437264,-1.3072442109579,0,0
0.542473766246807,-1.64472785982934,-1.42754543154868,-0.610926776416324,-0.958156963213086,1,1
-2.86372742909742,1.27473063891793,0.356014225051558,-0.2515849567215,1.13975844235781,0,0
0.672888823002123,-1.89811313940449,0.349404111156028,0.347500295638033,-0.285755874083255,0,0
2.01715672062402,0.649104950606434,1.97360203135282,-1.61737449240027,0.578095818061747,0,0
-1.11581518609139,0.840125197847953,-0.777839530763887,0.518898719167358,0.17138286457946,0,1
1.30683744692886,0.26039369515286,0.884820733987037,0.497340464987957,-1.82956338214821,0,1
-0.194804794564135,-1.14546770326769,-1.53089242906486,0.0544885360123752,-1.07655569167766,0,0
0.142324195647451,-0.0779325431323745,1.51886732926572,0.0525644713855938,-0.322640270523987,0,0
1.67109292736868,0.171184435889073,0.191420276590438,1.14592275912917,1.14002594544093,0,1
0.32297775049326,-0.0618975787866333,-0.780548646978427,-1.57358626957042,-0.474714660891477,0,0
0.306856232968021,-0.498302444218313,-0.370186900264546,-2.19855650504372,-0.0873375405353073,1,1
-1.79861210109907,-0.751860741398783,-0.0570839034076803,-0.736435090095559,1.44245813299393,1,0
-1.27009636288549,-0.410465987010581,2.20657523566229,-0.777800480562426,0.533007969723958,0,0
-1.16237555365035,2.65452670750801,0.326969380377792,0.10716176135381,0.498562597963188,1,1
0.859579015441091,-1.81473697990194,-0.0191459415460688,1.25862320170044,0.118842597426684,0,0
-0.16212434296525,-0.44480309267868,-1.45442118128214,1.2354829130133,-0.226067695093143,1,1
1.2079526934578,0.101797741472412,-0.651642176881988,0.242535902859339,0.779810898376707,0,0
1.07451038509565,-0.0520920533292326,-0.219169248040942,-1.06027413996585,-1.13765547926527,0,0
-0.842352704405843,-1.07054655691876,-1.10297221209804,-0.167244508299442,-0.499987524787886,1,1
-1.41412278161232,0.763614818879379,0.422883244857018,1.50451348212821,-0.179802410039935,1,0
-0.88264974028216,0.0591007241994572,-0.114405320503647,1.11278055346855,-0.617544009204309,0,1
0.418133813899615,1.05771194901006,1.47341294964221,0.895939121406784,-1.60299743020118,1,1
-0.648719808488212,1.92805172529196,0.220826389243708,1.18872675063314,0.00112240778443621,0,1
-0.6547122744822,1.72294011683779,0.923492446338632,0.98453037082058,0.182452325916552,1,1
-1.47975470850454,2.15293547340901,-0.801677324780781,0.396780505761368,-0.254717022753426,1,0
0.416438492339087,0.0406196301889148,1.22444446405058,-0.185758964137937,0.595839598858935,1,1
1.67867052564104,0.682146194177808,1.80663933415608,-2.09085423995779,0.121021820128506,0,0
0.815370365689468,0.84464331142991,1.18924848397209,-0.462507306280444,0.374564910527852,1,1
0.317871619755501,-0.308865280513457,-1.41856123011391,-0.153338303545957,-1.73882638846894,0,1
-0.052284567125436,-0.334805659619753,0.839428297486231,0.281487723847046,-1.83164673989734,1,1
2.15945322261592,0.94063276158469,-1.85460236625743,1.13151045057593,0.588216103068797,1,0
-0.130064323328605,-0.799611907992438,-0.118564431816806,-0.726514805129554,0.748174567368531,1,1
0.882493532258938,0.626497866389318,0.823043635548242,0.723972756016662,-1.14974816634972,1,0
-1.53423704832337,0.902712956730914,-2.07449483446044,-0.378597730877646,-0.710709020759377,0,0
-1.03405282901325,0.127325506520533,-3.14359403068632,-0.719492815604726,-0.0169726471012667,1,1
-0.764083445100192,-0.998074681671101,-0.559165963696058,-0.376419876815716,1.77902030352116,0,1
-0.149140608893834,0.536289964143272,0.462465719728377,-0.941593416076669,-0.925663983575778,1,1
2.26819967180176,-0.863857095689796,-1.54680054652461,2.53545351158604,-2.40665109082544,0,0
-0.590798685299622,0.75010146238833,-0.127285558199938,1.38187682385852,1.85903282784914,0,0
-0.589641954311859,0.620629496142699,0.218790796132801,1.02066281020274,0.445379216708012,0,0
0.805026257669438,0.072452105919556,0.364351619331891,-0.680583380188972,-0.209568306243078,0,1
0.160792564070469,-0.0454414085369903,1.53209527047411,0.265685904416079,-1.26477890883265,0,0
-0.242600740005638,0.29876929200912,-1.55727631705024,0.740236018115136,-0.265899955980605,0,0
-0.12798335958967,-1.24420353072111,-1.63087319831724,0.0519080178443625,-0.847756863383655,0,0
-0.465341290249784,0.395912622100267,0.496371423824353,-0.733429778814661,1.84438667314775,0,1
-1.35491220635984,1.75016427587075,0.590372031419488,-2.16372590842559,-1.30646379449081,0,0
1.97145233727884,0.17328240947211,-0.0448178186217609,-0.24764449857114,-1.14219959148412,1,1
1.13073420014651,0.124533022025602,0.975373830590918,0.0576375033121576,-0.159074918660979,1,1
-0.0375371438167068,1.4081103591387,-0.734424226558573,-0.517627241274208,-1.92160051683999,1,1
0.903511014225204,-0.7907485936287,-2.06485316374351,-0.302045032201949,-0.717630203293206,1,1
-2.16431431677552,0.858353815353913,0.00610506358623486,0.350020135561744,0.665002075571322,1,0
1.36341422159067,0.117925055259587,-0.682840657789627,-1.56766612634649,0.467678696899037,0,0
0.513420145402342,2.55905563611106,1.0795309459198,1.13169794090172,1.2150724908217,0,1
-0.016106306253383,0.539572965454798,-0.0834415372960762,-1.90182339867058,0.246684719004467,0,0
-0.751062785407666,0.290179541801661,0.424149373053869,-1.34791283544253,1.475466482507,0,0
-0.544457440615689,0.454186625626679,-0.88155223930705,-0.0410660058302159,-0.815324558404617,1,1
0.40856580135684,1.03512335576624,-0.340443195724663,0.0770510930776635,0.575180921059189,1,1
-0.688588810527111,0.5940145517926,-0.34993041281297,0.865438005023966,0.597066380204028,1,1
0.233971175079689,1.64133333493491,-0.355253719977684,1.37366105169544,0.127502194769451,0,0
-0.429717656563873,1.28301701578288,-0.781856471147364,0.984214443344453,-1.27296558293041,1,0
1.37850087870529,-1.50107357083169,-0.696872998504146,-0.352909145833124,-1.05130261966842,1,0
1.07694031218517,0.22858933961027,0.664355931270299,0.35217512316751,1.07421864433791,1,1
0.246278220002707,-0.779556320948017,-1.19992974349476,0.0846372407942541,-0.270670877740987,0,0
1.24303108032801,-1.52450906455659,-0.332540802480404,1.23125200603455,-1.78093294837279,1,1
-1.04949426317149,-1.92043616943984,1.45452963326666,1.60848519158991,0.0304797312438065,1,0
-0.769812865502372,1.34777365969279,1.21607551584372,-2.24820361069076,0.089084961378299,1,1
-1.09782467826983,0.789950089008753,1.00797352511177,-0.561799479443405,0.431373257252853,0,1
-0.451310833398524,-1.61213347164334,-0.189001599029474,0.437501541891581,0.715477555761742,1,0
-0.918334016369823,-1.37436425182288,-2.98256109443423,-1.0723162485192,-1.22728857420165,1,0
-0.32860377013747,0.715325646224344,1.11581757112408,0.0930840891904859,1.2841362479197,0,0
1.53658770242966,0.962121946729481,0.654272580607513,-0.000990448702968562,-0.243687618675987,0,1
0.653110764632583,-0.148148478801895,0.227293861978408,1.15887060212126,1.64590472566441,1,1
0.257663464948899,0.154659367754686,-0.572363669008803,-1.05336713547582,1.11010458292523,0,1
1.1276626933575,-0.374247408336466,0.0705073525948111,1.16197235647658,1.36589462515798,1,1
0.92011126193579,0.307066831573442,0.416329738288439,0.711262022279332,0.114074033509361,1,1
0.98324834845599,-0.84466644249494,0.118576773857313,-0.44660838808158,-0.622902540734384,1,1
-0.299903972073694,0.0613244704004046,2.13484360753515,1.54851403635947,-0.985120527925859,1,1
0.171643286688781,-0.159743119288373,-0.375900623351016,-1.94923328846214,-0.507661314649211,1,1
2.21268234004528,-0.714589378856704,-1.01752164029417,-0.902758417044486,0.902589328672258,1,1
0.000169880267761263,-1.10476745571602,1.55711752860057,1.82280536741192,0.82336782218256,0,0
1.95485314897735,0.0182470621416092,1.91405937369611,-1.07356471680829,-0.14178089815554,1,1
0.543442001783229,-0.606366951662345,-0.83663325921714,-0.415706964918862,-0.073817778857274,0,0
0.0158764780877353,-1.62755699763525,-1.64382696182454,0.76634276894936,0.643716559595068,1,0
0.764673671056211,-0.771116949203436,1.68381946352487,-0.859801915012338,-0.407046462106939,0,0
2.66899663118965,-0.401655390109708,-1.93616132779591,-0.134308426262579,1.218943875839,0,0
-0.563269474377827,1.02540843029316,-1.14007592783255,-0.120103534828027,-3.48897842447048,0,1
-1.11499451149692,-1.74174050148791,-1.00164968195342,-0.80360558360731,0.832159044844722,0,0
-1.00624087275025,0.449238491214951,-1.0819561602185,-0.693577641544498,1.0338481443969,0,0
-1.57930467918255,-0.406396894882895,0.138625977396227,-0.0386664895835901,-1.86746794311332,0,0
-1.20973371100668,-0.644165559450312,-1.62461155219426,-1.84437453315891,-0.0391549542961099,1,0
-0.0751587613780084,0.825567786800929,1.149920453162,-0.827663950037236,0.52655274005382,0,1
-0.908249496772266,-1.40192292255592,-0.0590226291500991,0.61542619483204,2.35048735784291,0,0
-1.44427403155877,1.28774833723665,1.41188946353125,-0.183554751569711,-1.05764273884673,1,0
0.256381386045017,0.152990836533314,2.91187903486766,0.178070006138742,0.217871143220744,1,1
-0.527278762542831,-0.723132080855276,0.964716700668555,0.764849206931727,-1.49565997556599,0,0
-1.02569622222753,-0.950057787930609,0.860167194014046,-1.63206289687753,-1.95130268943646,1,1
-0.968954626349491,-0.624689614330965,0.735994653448131,1.12696590432177,-0.500572967055548,1,1
-1.20328969813118,0.451504314513845,-0.399430574295897,0.845916910578504,2.17966528686414,0,0
0.223224660276108,0.630270453798193,0.555797767346954,0.739102306212546,1.00018314481874,1,0
0.598207107728977,-1.14694878297539,-0.995797058160333,-0.926499825937442,-0.0277826517753413,0,0
0.355922809763831,0.557123232879838,0.156045400172124,0.301302109731142,-0.634521301160103,0,0
1.1034721473749,0.327331326382751,-0.417589938404124,0.652593253292085,-0.271975124146878,1,0
-2.33566305116868,-1.73675646426495,-0.770285884714968,-0.464795896214272,0.0495760418648888,0,1
-1.66962130277599,-1.68946201509044,-0.721060546541315,-0.0871338696153331,0.563869493681643,0,0
1.52320244028303,-0.0120299711120146,-0.0323307310302722,0.294108799435675,-1.50319389871506,0,0
-0.590492296557723,2.16746829131737,0.960996086767302,0.812409162122267,2.33349579142697,0,0
-0.319618547255135,0.85377245184359,-1.00238656836136,-1.74742430620219,-2.44336374641035,0,0
-1.12989646868681,0.870081274328616,0.732415909012933,1.54277332527347,0.0777817632543911,1,0
0.58373755858587,1.01295726575515,2.24863158679396,0.970221085612664,-2.56142228278018,0,0
-1.43709573061565,1.12735139495667,-0.584531571738421,-0.34412180621543,-0.170851985861165,0,0
-0.221714652204266,0.162532743762351,-1.33856709648416,-1.10253547721235,1.27351503176948,1,1
1.10662560982663,0.432487871134033,0.43582541676983,-0.275740209312529,0.199574611186342,1,1
0.0683990133944117,-0.51832987768598,-0.383250388279957,-0.301337122543624,-0.386985991797241,0,0
-0.991178740573427,-0.877641237016325,-0.349388662417392,-0.48428876408445,-0.355005298778871,1,1
0.128347626392901,-0.329298312265746,0.974607802352089,-1.21291376613877,-0.522242513638893,0,1
0.368625536075284,0.0618500108236325,-1.05655127783373,-0.289746952611683,1.03973055690374,1,1
-1.75153519037581,1.84599395105676,-1.38742829135823,-0.0702845165143001,0.470701362687953,0,0
-0.579044365356957,-0.905904643801183,0.158535763335958,-1.46152948165251,0.0132060397569481,0,0
-0.509996441657786,0.203788653417212,0.336546101422364,-0.442923679348588,-0.319924514881387,0,0
-0.995975353258852,1.51699415532884,0.696203620804417,-0.450934618057753,-2.08188577827304,1,1
0.365971058765617,-0.427509459848822,0.255105641617603,-0.0316283354798359,-0.874479398546015,1,1
-0.921568315965263,-0.579509929060957,-1.28242246854309,0.0712818509087789,-0.0820489022729775,0,0
-1.2931782028482,-0.577229054949387,-0.389484069822268,-1.90106765590432,-0.290260356629768,0,0
0.814035696135392,-1.32283110458342,1.13822492200231,0.840992274973675,-0.95268357222631,1,0
-0.415969337471812,-1.09932656635892,0.297778704240113,-0.340660139539922,-0.679663388614307,0,1
0.591993142247683,1.82975943064705,0.498783035238085,2.34131221855575,0.834536729494009,0,0
1.64242395205665,-1.1156265853123,0.837269317348434,-1.12227921061478,-0.408439276788653,0,0
-1.2325603108864,0.201126115017149,0.894585115932455,0.111391215500377,1.44257254153271,1,1
-0.401797004058486,1.59496768658864,1.30769440702983,-0.63654279123119,0.876932800250241,0,0
-0.575006729632819,0.0193846108888865,0.911531817945239,-0.595458795428443,-0.326881333171379,0,0
-0.355590166361036,-0.348963314362011,1.29378370793239,-1.04032444954441,-0.0353704797187258,0,0
0.171393702443021,-1.4817504102081,-1.14111829476605,-0.729786348649739,0.75630232819846,0,0
1.61162279970035,-0.100488272429829,-2.45917480923949,1.03377825360517,0.558415389371628,1,1
1.32245158434886,-0.231059755078865,-1.32257781739178,-1.05189367194987,-1.45992385101623,0,0
0.352086896899929,-0.219870233164857,-1.384703004656,0.0801171047408397,0.336351256208851,0,0
0.507976518093068,-1.82995399079914,-0.170273338929469,0.211324677719992,-1.75603528150175,0,0
-0.719117066995634,0.177465859169555,-0.684182882804214,-0.237967722952094,-0.21764952728816,1,0
-0.50245954312352,0.612468264224439,0.609047434942448,-1.23607810853414,-0.0299613563457232,0,0
0.0168014599990612,0.195867284885645,1.84805495158289,0.137647214796408,-1.40996810235284,1,0
-0.0281093995190166,0.148760520457564,1.28007733055271,0.905614602899919,-0.489549654350222,0,0
-0.145197360989941,-0.0770842335041164,0.769544820921824,1.39026996362871,1.41277108043588,0,0
-1.3780547019798,-1.02831021544404,-0.247431994588375,0.155866453647681,0.826012563977577,0,0
-1.55212205417508,-1.65562548150841,1.42461027002776,-0.505228446381,0.784556814424559,1,0
0.294969760285255,-0.370346422140127,0.100921552261645,0.997546944651463,0.358430075388371,1,1
0.344177498405312,0.542095315468767,0.274287250474064,0.0341501711273901,-0.507352970181301,0,0
0.149028744001945,-0.0680738960403575,-0.088021051364201,0.839093815518428,0.112630969422993,1,0
0.227935455831339,-0.622504016060046,-0.233525941727899,0.879588803437015,0.897713318216504,0,0
-0.41056014490362,-0.760527646258962,-0.596126122060484,0.412834079442127,0.250044103870341,0,0
0.510121958825667,-0.728667052882468,0.642767600157451,0.412719287111255,0.656047059255119,0,0
-0.206904483247315,1.81228158332764,-0.508383654224216,0.678098794539733,0.24403122020241,0,0
1.70358884159088,0.773058870776692,0.358777798610042,0.836362389836704,0.474916480381842,0,0
0.364233453209531,0.416578184477939,-1.65847271294316,0.689655202951857,-0.0324799519107731,0,0
0.332891235599731,-0.282637446930466,-0.0717575861991269,0.871552259925646,-0.671974336940588,1,1
-1.61915600983945,-0.445073226506414,0.391633624562383,-0.189121264116259,0.867112566389111,0,0
1.74713561069515,-0.722829460365549,0.305666608960494,-0.650904861382047,0.248083737548494,0,0
-1.76136652139962,0.572966890316706,1.21949569477972,-0.974411925020886,-1.19000608660908,0,0
0.496423603558559,-0.0617423379076534,-0.73994278069149,-0.689483863291379,-0.309064993020486,1,1
0.490701781077885,0.126060485127632,-0.700471009951834,-0.530519140387845,0.195123204771287,0,1
1.45982848516587,0.381124277748966,-3.00102567359549,-0.722710154155864,0.668444766922467,1,0
0.0744784099944162,-0.806059372283132,-0.801286059285591,-0.709953306894857,-0.940338161252348,1,1
-0.955838174131509,0.528655319508966,2.15157418707008,0.217880304284496,-1.17823743778896,0,0
-0.596513376749674,-0.052513062746392,-1.47560741844334,0.738537492146595,-0.409567791228308,0,1
0.207966414452567,0.545301479429152,1.18921794919828,-1.00321294498986,-1.0832953244316,0,1
-1.57998605146537,-1.43641187814353,-0.984425084645291,0.947614634595159,-1.39535864429395,1,0
0.785051431042828,2.09297924137554,-0.676402114654999,0.67534084404884,-0.322095072763131,0,0
0.770131670898601,0.512388178547463,0.504854818600273,-1.95662730042071,0.876649043158372,0,1
1.02087303009648,-0.152702519777502,1.73622235987907,-0.206574640417946,-0.0496771194210158,1,1
1.33979250407758,0.0858283233672912,1.18653208459097,2.12774034456031,-0.390556521450478,1,0
-1.1929297607952,0.622732783633462,-0.469443474712893,-0.356897235550421,-0.0308482913010587,1,0
1.09644814078163,0.429982867882726,0.131654308971977,1.34584277847067,-0.978045026065774,1,1
-1.02800914724486,-0.351238314587091,-0.861459060762489,-0.830161044174094,1.12156084618621,0,0
-1.38775750074814,2.11933267732166,2.00808519615194,0.0746502368730321,0.0769744566777991,0,0
1.68461905898031,-0.0750948763981131,-1.11517680051682,0.473424095569107,2.36605799586291,1,1
-0.504736391504448,-0.501642387352076,0.264576657280921,-0.691145869363024,-0.722624708059259,1,1
-1.60111085428305,-1.62349377164208,-0.954462612668979,-0.0107635681378493,0.308052909597306,1,0
-0.0944751630144871,-1.0317127295238,1.4470552923844,0.847041922473539,-0.2045388509143,0,0
1.84886577207435,0.133223528754106,-0.527572122485863,2.56115612718955,1.12644699259979,1,1
0.708306906887622,0.938803509593396,0.874810925438531,0.770520073671857,0.438998948619855,0,1
-0.811969897073389,0.935171110891064,0.300335583386765,0.141698852171289,-0.758906273965373,1,1
1.04763035886881,0.0588309070048627,-0.525020389220064,-1.2834516507439,-0.905219292130907,0,0
-0.127015948586811,-0.0780573156531749,0.024784075547065,1.65009772598034,0.221847991574568,1,1
-2.0127200848815,-0.998338786764831,-0.427735983281474,0.333561792838362,0.397870578924739,1,0
-0.982289133529767,0.196131700254739,1.39077070265496,0.222125331105171,0.392803627007269,0,0
-1.42225536731636,-0.216846858303385,-0.579789229987483,0.736332320797104,0.334034668045539,0,0
0.0411876439565728,0.336951432243171,0.0974561527497591,0.789953972240468,0.341693785718234,0,1
0.603069204857547,-0.266512974739429,-0.111906429447851,0.599479240017048,0.665238655492416,1,1
0.365504755587192,-2.60888827181655,0.79348622532902,0.970362679596663,-0.995298253272273,0,0
0.0533153674984159,2.27248657259968,-0.33709366818073,0.633155816530843,-0.654346515861396,1,1
0.191712501008149,0.22063306000572,0.519684152854878,-1.22682245318375,-0.341257018392516,0,0
0.426994755574945,1.24199636771443,0.78619291749085,0.65818475838523,1.96103398002241,1,0
-0.263698895863831,0.328397767865779,2.01739487918181,0.399313852986511,-0.847344541299819,1,1
0.21332299909159,-0.375533302497934,1.42341771548877,-0.243912761727744,0.367080002449809,0,0
-0.558455858413826,-1.32928864386227,0.95677812073027,-0.0868008221015071,-0.793592651654349,1,1
0.897902117751438,-0.209862680881526,-0.456726725983334,0.291834966186626,1.21359684658233,1,0
-0.440352336041689,1.32582380294397,1.50818705069547,-1.43629866291622,-1.2171355581497,1,1
-0.0630351101198608,-0.631860466376598,-0.554176787134383,-0.64600705263478,-0.108915799949938,1,1
-1.68675218627074,1.05183938053285,-0.99920218835443,-0.424744041068912,0.00721120917241325,1,0
0.361610049487915,0.372013354638058,-1.46050402414921,-0.854575027268943,-1.04835189160253,1,1
0.782949836690648,-1.21730726967264,0.370964239439187,0.629254262812724,-0.556446817094043,1,0
1.60134540757926,0.381464972251657,2.99660412388185,-0.90870094268653,-0.210605052361131,0,0
-1.15683315051036,0.829395609218473,0.0775050364810446,-0.0456321568056851,0.633616455876763,1,1
0.417923132662038,0.507595799492281,-0.768670753434204,-0.222699521490048,1.21125441901396,0,0
0.64249911985751,-1.34585301449869,-0.615829830361276,-1.66896842340867,0.372103616054386,1,0
1.26523981799414,0.406725207410516,-2.01825594621337,-1.09757650234149,0.567706451807776,1,0
-0.592390812557598,-1.2491680905973,0.430781225562801,-0.0700813205447324,-2.25239757316174,1,1
1.0385592004097,-0.137141882314493,-0.370257130114213,1.85515693665142,0.251869650237616,1,1
0.142937378132685,1.31981334010376,-1.30156442491786,0.56917671702603,0.0191559079257566,0,0
-0.0990130947912123,0.621705132023626,-1.87337382724517,1.03546440787368,-1.11302617101478,0,0
0.342234261864319,0.130764425470681,0.904187880007362,0.682258578106068,1.201834826371,0,0
0.360597930621308,0.282030424267437,0.19976852971629,-0.735030292962357,-0.175432447372251,1,1
-1.28901966883635,-1.05040296732741,0.328273944176749,0.314387999070393,0.3892321064365,0,1
-0.67027608287678,0.789233316781136,-0.150596942473165,0.273505108674112,-0.13593033647242,0,1
-0.222688788345644,-1.73289754990032,-0.132758966479436,2.90005932166705,0.122586867735484,0,1
0.485656551368456,-0.235793309058667,-1.46697351388592,0.373203743562263,0.0904580003956735,0,0
-0.300015700540677,-0.65907234541138,0.11993463813164,-3.39017225581491,0.25110825606756,1,0
0.221449997267809,-0.992655427154006,-1.99642241732592,-0.818082328626929,0.704442813135953,0,1
0.101905921107332,0.128575650340207,0.514711465550245,1.15141435962987,-0.8056465080094,1,1
0.326319353194735,-0.822583479123591,-0.0420504363398691,-1.36825586504281,-1.06758269235186,0,0
0.474728326938769,2.00895470383767,1.20416790312956,-1.03171436227143,1.41267031514509,0,0
-0.272644084848183,0.453568288116527,-0.872269018835789,1.15730940152095,0.0238975107350568,0,0
0.422649881082985,-0.690799444523962,-0.0577480838495153,0.38708122599152,-0.376695689107515,0,1
0.506664922660167,0.311918810981743,0.347510542019258,-0.652734770549789,0.242706760669221,1,0
-0.891327220551907,0.0256800413464853,-0.146020510506582,-0.738662625114644,-1.28917675780763,1,1
0.639411979678383,0.235708536732757,-1.02246332160904,1.08573648876364,-1.72825577086012,1,0
-0.613364725126483,0.190866270013385,-0.937721099996804,-0.851165598054547,0.646438278152246,0,0
-0.506706647663394,-0.690563242356285,-1.43804834590855,-0.575191739847818,0.500548794786121,0,0
0.293241264232064,0.171845803775192,-0.214914197473629,0.762743763523033,-0.124476038729415,0,1
1.41615463411299,-1.01404078273442,-0.328616573988508,-0.34868721393208,-1.19000011663617,1,0
-0.964940322712105,-0.430110006244631,2.20134766918102,0.0749287893154369,-1.4200709827963,1,1
1.19506816297591,0.400463769717183,2.06824519078869,0.99491350663163,-0.732968869501064,0,0
0.237253204347202,-0.114481517998926,0.265375226075655,0.063898381569862,0.0790711275922848,0,1
0.940858104582277,0.310105230073162,-0.225426685424929,0.683274447454436,-0.372514648530207,0,1
0.865950620480158,1.36790358798649,-1.02980603742193,-1.74184138025281,1.01260700566548,1,0
1.59854356784715,1.33771321148946,0.98816868073535,-0.895984306266422,0.218058593316345,0,1
0.374902501268706,0.592653894726039,1.65736132391542,0.594743192371354,-0.170572678953119,0,0
1.32446036424483,-0.507304646093806,-0.536729661012374,0.139394887235361,-0.578804605959537,0,1
-0.185138105805871,0.394193872649763,-0.404074111734411,-0.492648716260068,0.14276584542254,1,0
-1.651987009971,-0.759987568915678,1.25325993051537,-0.267418289676621,0.164186277122337,0,0
-0.239448323243155,-0.0421593908185974,0.298200234300373,-1.35052295495607,-0.680042548039931,0,1
-0.243548805180594,1.24536963958466,1.54805194848043,-0.984018602872163,0.0678008700259144,1,1
0.0454133527725556,-0.746545039899919,0.162271015032098,0.174214896955304,0.578711161258727,0,0
-0.878044153216347,0.362728128205574,0.146552357265189,0.755776366264381,0.782331225721054,0,0
-0.0268402201399245,0.782565274755195,-0.442500377262964,0.285895713608581,1.34577562544073,1,1
-0.999215494912659,2.52388742765705,-0.0305824710192654,0.075249199988333,-0.646075722463429,1,1
-1.4118530100719,-1.26769829885153,-0.74009221811178,0.931882746519023,-0.107283291839671,1,0
-0.0975486505035829,0.126429798421354,-0.0961836240313286,0.823146205851574,0.587413422080824,1,0
-0.984805983967495,0.159520519074968,1.66252397224852,-1.9384481297271,0.0408738301557309,0,0
1.66062309911675,-0.876201092561874,-0.901060664167761,1.01324828428802,0.225932074916074,0,0
-0.254062940457121,-0.535881281974718,-0.175150293564205,-0.221079760500335,-0.118155135205285,1,1
-0.326233113509732,1.17648287197391,1.11573599243033,-2.14800781094169,0.885329006941658,1,1
-0.0940005975026013,-0.393884093013023,-1.45794190792376,2.05848779576702,-2.69198131561607,1,1
0.321085575418165,0.0951456485732917,-0.43589053354219,-0.186107154209126,-1.21906754081712,1,1
-0.79412905923293,0.468685624181477,-0.829953175625339,1.19261452220635,0.41412035659685,0,0
0.935524972560287,-0.966894606225236,0.156845332498566,1.50322091865224,1.39705197813079,0,1
0.223345872369283,0.0852713648158935,-0.983286524645484,2.14470175625811,1.56554940604692,0,0
-1.45151515626509,-0.443680133499634,-0.570752330161473,0.315950151598585,-0.94643798225951,0,0
-0.52548864582631,-0.687549196577601,1.12500771208262,-1.02876540326862,0.548027626968542,1,0
-0.0974712266086021,1.54556348878917,0.397937585204719,0.41555561547777,0.613584288164376,0,0
0.470302358149556,0.120675600351804,-0.391456147398568,-1.65024059818661,-0.6960456211519,1,1
-0.632270487520929,-0.625978276891948,1.12645094159699,1.01725017970088,1.88910409327511,1,1
-0.556140415204606,0.131819089374493,-0.546061387682933,-0.0381694806772286,1.61297846527979,1,0
1.05425855881104,0.947038164908241,-0.326015307517324,1.31233234100006,0.668629117259645,0,0
1.12078316955615,2.23889083024363,-0.67340307572035,-1.50265536273374,-0.299368218568706,0,0
0.313141384746423,-0.518982508410216,0.0745596100344801,0.591828945006118,0.0726698916008197,1,0
0.454780558685411,0.0744091723184725,-0.247472586584222,-0.751853976223372,0.145300809667771,0,0
0.787283015201394,0.107265713333476,-0.434066511238834,0.971015999009192,-1.24755259100763,1,1
0.156624942108124,0.399273037829989,0.359790420658592,-1.25062004170255,-2.12780686376527,0,0
-0.716592031123371,-1.1267276661312,-1.35820601557315,-1.08626953228234,0.461914697592338,0,0
1.13575465395815,-1.00242521662232,0.324955195172928,-0.294544633330642,-0.120530979812588,1,0
1.20907153269703,-0.302111669635127,-0.319995984436638,0.617931087297282,1.05742620286925,1,1
1.14360769816875,0.27959316310415,0.331498724593118,0.175897457175072,0.410372103831972,1,1
0.140493353531461,-1.44234159748121,0.620535996921021,-0.437759620261112,0.19154433023735,0,0
-1.05595880133098,1.24999784081783,0.722674965473622,-1.16226897093867,0.917467447894438,1,0
0.565312423877537,0.426199905546202,-0.960459110737733,-1.97342993536636,0.128052744814613,0,0
1.18716479388095,-0.0826561479981901,0.326812079452905,0.441475356677552,0.385698995202953,0,0
-0.436901192379967,1.00565795494733,0.930809546209925,-0.323246447171646,1.08011349189843,0,0
0.863119091390019,-0.678180344102398,-0.807201352382459,1.18382481264061,0.678009220965557,1,1
-1.97650812008675,0.97091648712559,1.08931707326005,-0.101439550198624,-0.429682004788118,0,0
-0.804491889981958,0.584539865601068,-1.28017621914941,0.414468826874119,-1.34640066897341,0,0
0.216140652946573,-0.325365321687104,1.95719740408322,-0.615178089026694,0.162593530118637,0,1
-0.234957947809111,-1.26100668886109,-0.0178074962879202,1.10150073975699,0.890549402265255,1,1
1.04263584981673,-1.58243855338681,0.32911548884692,0.369025523386034,1.63171541011553,0,0
0.515655226809533,0.696663303082349,0.476651020415426,-1.00952521484039,0.0629692710804899,0,0
-1.10128788551408,1.02205317226651,1.27425188946468,0.00432588119770739,-1.52978206696757,0,1
-0.430742820009696,0.616966887038666,-0.479351272824624,-0.30473798162284,-0.221155780024871,0,0
0.426442989915712,-1.15581580185206,0.238559831010307,0.868354634749715,1.29182754020132,1,1
-1.62123611433801,0.847212020427863,0.974745239255374,-1.48298521307621,-0.0199945174903387,1,0
-0.219232941740463,-1.03709529348566,-1.566560152326,0.984218837062303,0.584080317340895,0,0
0.771562790332773,-0.399758146247061,-0.219729167581501,0.475134601040077,-0.567771120911519,0,0
-1.34585232618311,0.119804595174418,-0.863730636177734,0.697316328373432,0.174519352462092,1,0
-0.341786240019995,0.127636854413179,0.255981355271268,0.257387486457696,-0.952377568187635,0,0
-0.41620980576812,0.629867671471259,-0.051240472462484,-0.293810479975847,1.20602920481491,0,0
-0.649833510165522,1.72648013075488,-0.969175554061491,0.688037742162737,1.91832363764093,1,1
0.279710073195976,-0.710497387147048,-0.54486922476641,0.717889063039393,-0.435121991640299,0,0
0.850466216955677,0.330829731999641,-0.394765167824744,0.121382253705735,-0.692237814035253,1,0
-0.435418118975959,-0.0656914348291668,0.371092213201162,0.0648999940456122,0.0974717208933273,1,1
-0.567932226800191,-1.30232545822579,-0.95986512279378,0.0104992772939117,-0.344995674282661,0,0
-1.52604945069627,3.77326360064572,-2.72766487379598,0.15997306182666,-0.000802849889056593,1,0
-1.40954888910923,0.97560332285213,2.0468893641551,-1.71345442361414,1.29876599205987,0,0
-1.98078677149333,-0.420844077135077,1.93818804293516,-1.73996176693987,-0.7585681094361,1,0
1.3665646586848,2.14190445402846,-1.16624997293294,0.728725896102102,-0.556356340739744,0,0
-0.243885432025158,1.86340782292906,-0.17525843563977,0.855173894479325,0.161502182420812,1,1
0.770991134248408,0.00689004783974318,-1.62869560551203,-0.17683251709677,0.758076012531242,0,1
-0.714613188227066,1.61330570509978,0.916102734732536,-0.855222988157789,-0.360785785182565,1,1
0.0651451755118907,1.51749260481147,1.00796947651652,1.33005478505205,-1.50900181770815,0,0
1.25634679804988,0.35122139947068,1.06770589065227,0.78549386056684,-0.811001618426775,1,1
-0.815800000278424,0.0477221157584366,-1.55476195380286,1.28399220442362,0.860260039687561,0,1
-0.507666994964871,-0.227198614069644,-0.302231812240999,-1.12648014545183,0.36434179156741,1,1
-0.177120971021057,-1.15150223460814,0.124961663122743,-0.124386553866989,0.696907529277111,0,0
0.60743793833141,-0.0586563053313325,0.16746726219345,0.363062555827031,-1.33741741331433,1,1
-0.351603863848815,-0.926710661848347,0.0244597337197224,-0.206623170669297,-1.09730438806199,1,1
1.16223732000681,-0.297187505184427,0.383231423071884,0.783673765349128,1.47051548031274,0,1
0.813496051184777,0.0408814430031357,-0.273110644781625,-0.331790238043377,-1.04379790593313,1,1
-0.353557370234845,-0.816761432514761,1.06389440916004,-0.503722725630227,-1.29224910270622,1,1
1.15588937965952,-1.10072110173673,-0.560531261495347,-1.46630973711568,1.32590110897936,1,0
0.490123142912177,1.11506199117232,1.18751152511722,-2.03628804449123,-0.454369052242375,0,0
0.82916373777596,-1.06453429588988,2.04642760098166,1.41230821390517,-0.775485626189982,0,0
-0.824822969124048,-1.53228747965986,0.257795782573069,-0.947237280073063,0.391887893658136,0,0
-1.3450573138389,1.04063495585641,-1.65660292940302,-0.971639278097206,-0.0813021947704118,1,0
0.167091483777801,-0.412133763999039,-0.471647679255544,-0.389650164086412,1.18948397065968,1,1
0.0904202527291185,-0.527580248923948,0.892361974729394,0.287583079431582,-0.748113428700132,0,0
0.0215877215804193,-0.140851125899045,1.30918825959414,-0.00436830438041969,-0.734197239021788,1,1
-0.768537543539512,0.351765318182571,0.882310275280435,0.279468983861978,-1.00852385509388,1,1
1.02301472239731,2.40285546475132,-0.882266478714856,-0.12712047255358,-2.71817493505265,1,1
0.107910371759637,-0.131714691046052,-1.62039821264718,-1.4735023766329,0.285973651226653,0,0
-1.37513511755465,1.2709763620388,0.189747842154378,0.952681602498587,0.911105512297378,1,0
0.320187901581111,0.846755242481787,1.78131620404558,0.109454746103405,1.20421470734544,0,0
0.00835554486914685,-0.00514932153295956,-0.929717074698489,-0.256765870622943,-0.999075583469344,0,1
-0.747869493093653,0.219241887823411,2.32497527954775,0.560298763762988,1.48135148541646,1,1
0.727433135888748,-0.699030733526452,1.04327928361302,-0.91512663179531,-0.158478995744477,0,0
-0.511390231939929,-1.70798114288876,1.18862641032953,0.999422145481075,1.2207162557584,1,1
1.13943052737194,-1.21093599551329,-1.1756497776119,0.532249063476213,1.87468204029026,0,0
0.166197875189596,-0.306093882872714,-1.81509694477364,-0.57895869639526,1.09148201446954,1,1
-0.58268287597682,-0.214933034045427,-0.827385095568957,-0.0973081425079592,1.37471623136858,1,1
-0.50642445350813,-0.781561099621992,0.158357967580695,1.19094538538273,0.940164232373617,0,0
1.67886683021224,0.248439563443374,0.0987556440992685,1.18652175926241,0.663120140417507,0,0
1.32369369766894,0.503855206536969,1.55691903082458,1.6179318594391,-0.775585120208553,0,0
0.195161751742644,0.423320172603426,0.331393189285662,-0.442653070719441,0.466625111215909,1,1
-0.251780488125358,-0.630653123443119,-1.07349798464845,-1.55389917546081,-0.532374149890459,1,1
-1.72544465427597,0.453823850566373,-0.495271968263584,-0.36844257902568,-0.666938137298442,1,0
2.08327519728191,-1.03073645952337,1.06060936885577,0.484164589903616,0.639137682802184,1,1
0.368244577396043,0.117692590758143,0.345017480851306,-0.48042567149413,0.3713643714482,0,0
1.18320607340584,0.462932982572196,0.51140858511047,-1.92556949639529,1.69962450855866,1,0
-0.34325576572332,-0.799762224956205,-0.250521812018917,-0.184399939526743,-0.293960366465116,0,0
0.191729818205194,-0.437149498146414,-0.707543662672423,1.2193449462626,0.246885146088539,0,0
0.0108197621728108,0.199793428562117,1.78621120679213,-0.0852650495730193,0.885564420634732,0,0
0.13426307142845,-0.472538898473543,-1.02856877646036,0.0203618909804786,0.0969050182903848,0,0
-0.40841370273264,-1.47378740842783,0.550942210945023,0.294148769287254,0.477230985820943,1,1
-1.69451805501005,-0.789084649856791,1.01294868246534,1.54910308509391,-0.634242359353778,0,0
